[gd_scene load_steps=6 format=3 uid="uid://c3qe77negmxe1"]

[ext_resource type="Script" path="res://scripts/world/player/character/character.gd" id="1_a2new"]
[ext_resource type="ArrayMesh" uid="uid://b6hl6apothlld" path="res://assets/meshs/players/characters/000/men/mesh.tres" id="1_xmicb"]
[ext_resource type="PackedScene" uid="uid://cpr0xtsr74k66" path="res://scenes/world/players/weapons/001/weapon.tscn" id="2_6l8mn"]

[sub_resource type="Skin" id="Skin_c8lwj"]
resource_name = "Skin"
bind_count = 68
bind/0/name = &"Root"
bind/0/bone = -1
bind/0/pose = Transform3D(1, 0, 0, 0, 1, 0, 0, 0, 1, 0, 0, 0)
bind/1/name = &"Hips"
bind/1/bone = -1
bind/1/pose = Transform3D(1, -5.96059e-08, 4.49502e-10, 5.96039e-08, 1, 2.32831e-10, 2.00514e-10, 4.65661e-10, 1, 4.13751e-08, -0.967506, 0.0105615)
bind/2/name = &"Spine"
bind/2/bone = -1
bind/2/pose = Transform3D(1, -1.19211e-07, 4.49501e-10, 1.17735e-07, 1, 0, 2.26804e-08, -2.98023e-08, 1, 2.17967e-08, -1.07556, 0.00165454)
bind/3/name = &"Chest"
bind/3/bone = -1
bind/3/pose = Transform3D(1, -5.96059e-08, 4.49504e-10, 5.87902e-08, 1, 5.96046e-08, -1.4144e-08, -3.72529e-08, 1, 2.92558e-10, -1.26763, 0.0151659)
bind/4/name = &"UpperChest"
bind/4/bone = -1
bind/4/pose = Transform3D(1, -1.19211e-07, 4.49504e-10, 1.16767e-07, 1, 8.9407e-08, -2.96866e-08, -4.47035e-08, 1, 2.11453e-08, -1.4003, 0.0349877)
bind/5/name = &"LeftShoulder"
bind/5/bone = -1
bind/5/pose = Transform3D(-8.9407e-08, -9.43097e-08, 1, 1, 4.96966e-08, 2.98023e-08, -1.14138e-07, 1, 8.46973e-08, 0.0276145, -0.0378199, -1.52201)
bind/6/name = &"LeftUpperArm"
bind/6/bone = -1
bind/6/pose = Transform3D(1.49012e-08, 9.31323e-08, -1, 1, 3.37604e-08, 2.23517e-08, 1.67405e-07, -1, -9.68575e-08, -0.0971201, -0.177002, 1.4953)
bind/7/name = &"LeftLowerArm"
bind/7/bone = -1
bind/7/pose = Transform3D(1.04308e-07, -1, -2.08616e-07, 1, 8.19564e-08, -2.98023e-08, 8.9407e-08, -1.78814e-07, 1, 1.26445, -0.372646, 0.119112)
bind/8/name = &"LeftHand"
bind/8/bone = -1
bind/8/pose = Transform3D(4.84288e-08, 2.42144e-07, -1, 1, 1.19209e-07, 1.08033e-07, 8.9407e-08, -1, -3.57628e-07, -0.00335526, -0.56646, 1.1168)
bind/9/name = &"LeftIndexProximal"
bind/9/bone = -1
bind/9/pose = Transform3D(2.98023e-08, 2.38419e-07, -1, 1, 5.96046e-08, 1.19209e-07, 2.08616e-07, -1, -2.68221e-07, 0.0676622, -0.630423, 1.03815)
bind/10/name = &"LeftIndexIntermediate"
bind/10/bone = -1
bind/10/pose = Transform3D(5.96046e-08, 2.5332e-07, -1, 1, 7.45058e-08, 1.78814e-07, 2.23517e-07, -1, -2.08616e-07, 0.0809472, -0.646721, 1.00079)
bind/11/name = &"LeftIndexDistal"
bind/11/bone = -1
bind/11/pose = Transform3D(5.96046e-08, 4.61936e-07, -1, 1, 2.98023e-07, 2.08616e-07, 4.17233e-07, -1, -3.12924e-07, 0.0876233, -0.654361, 0.9684)
bind/12/name = &"LeftMiddleProximal"
bind/12/bone = -1
bind/12/pose = Transform3D(4.47035e-08, 2.08616e-07, -1, 1, 2.38419e-07, 1.49012e-07, 8.9407e-08, -1, -2.68221e-07, 0.0447932, -0.644901, 1.03481)
bind/13/name = &"LeftMiddleIntermediate"
bind/13/bone = -1
bind/13/pose = Transform3D(2.98023e-08, 3.72529e-07, -1, 1, 2.68221e-07, 1.49012e-07, 2.08616e-07, -1, -3.12924e-07, 0.0572484, -0.665308, 0.995044)
bind/14/name = &"LeftMiddleDistal"
bind/14/bone = -1
bind/14/pose = Transform3D(8.9407e-08, 2.83122e-07, -1, 1, 2.38419e-07, 1.49012e-07, 8.9407e-08, -1, -3.35276e-07, 0.0654217, -0.67435, 0.960651)
bind/15/name = &"LeftLittleProximal"
bind/15/bone = -1
bind/15/pose = Transform3D(4.47035e-08, 3.98606e-07, -1, 1, 1.19209e-07, 1.93715e-07, 1.19209e-07, -1, -4.06057e-07, -0.00159084, -0.64025, 1.03017)
bind/16/name = &"LeftLittleIntermediate"
bind/16/bone = -1
bind/16/pose = Transform3D(4.47035e-08, 4.32134e-07, -1, 1, 1.19209e-07, 2.16067e-07, 1.19209e-07, -1, -3.94881e-07, 0.00126483, -0.659371, 1.00015)
bind/17/name = &"LeftLittleDistal"
bind/17/bone = -1
bind/17/pose = Transform3D(4.47035e-08, 3.74392e-07, -1, 1, 8.9407e-08, 2.04891e-07, 1.19209e-07, -1, -4.26546e-07, 0.00354552, -0.670124, 0.972392)
bind/18/name = &"LeftRingProximal"
bind/18/bone = -1
bind/18/pose = Transform3D(7.82311e-08, 3.89293e-07, -1, 1, 8.9407e-08, 2.83122e-07, 5.96046e-08, -1, -3.96743e-07, 0.0208247, -0.645756, 1.03039)
bind/19/name = &"LeftRingIntermediate"
bind/19/bone = -1
bind/19/pose = Transform3D(8.19564e-08, 4.34928e-07, -1, 1, 0, 2.75671e-07, 1.49012e-08, -1, -3.04542e-07, 0.0297537, -0.665923, 0.991971)
bind/20/name = &"LeftRingDistal"
bind/20/bone = -1
bind/20/pose = Transform3D(8.28877e-08, 4.53088e-07, -1, 1, 5.96046e-08, 2.47732e-07, -5.96046e-08, -1, -3.88362e-07, 0.0355015, -0.674341, 0.958732)
bind/21/name = &"LeftThumbMetacarpal"
bind/21/bone = -1
bind/21/pose = Transform3D(0, 1, 3.27826e-07, 0.816993, -4.47035e-08, 0.577702, 0.577702, 2.38419e-07, -0.816993, -1.07639, -0.491985, -0.300381)
bind/22/name = &"LeftThumbProximal"
bind/22/bone = -1
bind/22/pose = Transform3D(-2.98023e-08, 1, 2.38419e-07, 0.816993, 2.98023e-08, 0.577702, 0.577702, 2.08616e-07, -0.816993, -1.05468, -0.511531, -0.274984)
bind/23/name = &"LeftThumbDistal"
bind/23/bone = -1
bind/23/pose = Transform3D(0, 1, 2.68221e-07, 0.816993, -1.04308e-07, 0.577702, 0.577702, 2.38419e-07, -0.816993, -1.02262, -0.527355, -0.255666)
bind/24/name = &"lowerarm_twist_01_l"
bind/24/bone = -1
bind/24/pose = Transform3D(0.718491, -0.547377, 0.429125, 0.657722, 0.735362, -0.163232, -0.226213, 0.399526, 0.888373, 0.335504, -1.19437, -0.315068)
bind/25/name = &"upperarm_twist_01_l"
bind/25/bone = -1
bind/25/pose = Transform3D(0.644839, -0.760873, -0.0724855, 0.761283, 0.647827, -0.0277193, 0.068049, -0.0373075, 0.996984, 1.01156, -1.10614, 0.140568)
bind/26/name = &"RightShoulder"
bind/26/bone = -1
bind/26/pose = Transform3D(-5.96046e-08, 1.23533e-08, -1, -1, -9.90808e-09, -2.98023e-08, -1.07793e-07, 1, 7.05176e-09, -0.0276144, -0.0378199, -1.52201)
bind/27/name = &"RightUpperArm"
bind/27/bone = -1
bind/27/pose = Transform3D(2.23517e-08, -2.23517e-08, 1, -1, -1.13156e-07, -5.96046e-08, 3.63216e-08, -1, -2.6077e-08, 0.0971197, -0.177002, 1.4953)
bind/28/name = &"RightLowerArm"
bind/28/bone = -1
bind/28/pose = Transform3D(-3.72529e-08, 1, -2.98023e-08, -1, -1.04308e-07, 0, -7.45058e-08, -5.96046e-08, 1, -1.26445, -0.372646, 0.119112)
bind/29/name = &"RightHand"
bind/29/bone = -1
bind/29/pose = Transform3D(4.09782e-08, -6.33299e-08, 1, -1, 2.98023e-08, -2.23517e-08, 5.96046e-08, -1, -1.56462e-07, 0.0033543, -0.566461, 1.1168)
bind/30/name = &"RightIndexProximal"
bind/30/bone = -1
bind/30/pose = Transform3D(8.9407e-08, -4.47035e-08, 1, -1, -5.96046e-08, 0, 2.98023e-08, -1, -8.9407e-08, -0.0676626, -0.630421, 1.03815)
bind/31/name = &"RightIndexIntermediate"
bind/31/bone = -1
bind/31/pose = Transform3D(5.96046e-08, -1.49012e-08, 1, -1, -7.45058e-08, -5.96046e-08, 0, -1, -4.47035e-08, -0.0809481, -0.646721, 1.00078)
bind/32/name = &"RightIndexDistal"
bind/32/bone = -1
bind/32/pose = Transform3D(2.98023e-08, 0, 1, -1, 0, -1.78814e-07, -2.38419e-07, -1, 2.98023e-08, -0.0876248, -0.654362, 0.968398)
bind/33/name = &"RightMiddleProximal"
bind/33/bone = -1
bind/33/pose = Transform3D(0, -1.19209e-07, 1, -1, 1.78814e-07, 8.9407e-08, -2.98023e-08, -1, -1.49012e-07, -0.0447937, -0.6449, 1.03482)
bind/34/name = &"RightMiddleIntermediate"
bind/34/bone = -1
bind/34/pose = Transform3D(-2.98023e-08, -1.56462e-07, 1, -1, 1.78814e-07, 5.96046e-08, -1.19209e-07, -1, -1.63913e-07, -0.0572491, -0.665307, 0.995042)
bind/35/name = &"RightMiddleDistal"
bind/35/bone = -1
bind/35/pose = Transform3D(1.49012e-08, -8.9407e-08, 1, -1, 1.19209e-07, -1.49012e-08, 2.98023e-08, -1, -1.11759e-07, -0.0654227, -0.674349, 0.960649)
bind/36/name = &"RightLittleProximal"
bind/36/bone = -1
bind/36/pose = Transform3D(5.21541e-08, -1.49012e-07, 1, -1, 2.98023e-08, -1.49012e-08, 0, -1, -2.04891e-07, 0.00158982, -0.640249, 1.03017)
bind/37/name = &"RightLittleIntermediate"
bind/37/bone = -1
bind/37/pose = Transform3D(4.47035e-08, -1.21072e-07, 1, -1, 2.98023e-08, -5.96046e-08, -2.98023e-08, -1, -2.16067e-07, -0.00126601, -0.65937, 1.00015)
bind/38/name = &"RightLittleDistal"
bind/38/bone = -1
bind/38/pose = Transform3D(5.21541e-08, -1.69501e-07, 1, -1, 2.98023e-08, 2.23517e-08, 2.98023e-08, -1, -2.55182e-07, -0.00354592, -0.670125, 0.972393)
bind/39/name = &"RightRingProximal"
bind/39/bone = -1
bind/39/pose = Transform3D(6.70552e-08, -8.84756e-08, 1, -1, -5.96046e-08, -8.47504e-08, 8.9407e-08, -1, -9.77889e-08, -0.020826, -0.645756, 1.03039)
bind/40/name = &"RightRingIntermediate"
bind/40/bone = -1
bind/40/pose = Transform3D(7.07805e-08, -8.3819e-08, 1, -1, -1.49012e-07, -1.11759e-07, 1.19209e-07, -1, -6.0536e-08, -0.0297543, -0.665922, 0.991972)
bind/41/name = &"RightRingDistal"
bind/41/bone = -1
bind/41/pose = Transform3D(7.17118e-08, -2.27243e-07, 1, -1, -8.9407e-08, 3.63216e-08, 2.08616e-07, -1, -1.75554e-07, -0.0355019, -0.674341, 0.958734)
bind/42/name = &"RightThumbMetacarpal"
bind/42/bone = -1
bind/42/pose = Transform3D(2.08616e-07, -1, -1.19209e-07, -0.816993, -2.08616e-07, 0.577702, -0.577702, 8.9407e-08, -0.816993, 1.07639, -0.491986, -0.300381)
bind/43/name = &"RightThumbProximal"
bind/43/bone = -1
bind/43/pose = Transform3D(2.08616e-07, -1, -2.98023e-08, -0.816993, -5.58794e-08, 0.577702, -0.577702, 1.49012e-07, -0.816993, 1.05467, -0.511531, -0.274983)
bind/44/name = &"RightThumbDistal"
bind/44/bone = -1
bind/44/pose = Transform3D(3.27826e-07, -1, -1.78814e-07, -0.816993, -1.93715e-07, 0.577702, -0.577702, 1.49012e-07, -0.816993, 1.02262, -0.527355, -0.255666)
bind/45/name = &"lowerarm_twist_01_r"
bind/45/bone = -1
bind/45/pose = Transform3D(0.718491, 0.547377, -0.429125, 0.69237, -0.621675, 0.366258, -0.0662951, -0.560266, -0.825655, -0.335504, 1.08771, 0.58538)
bind/46/name = &"upperarm_twist_01_r"
bind/46/bone = -1
bind/46/pose = Transform3D(0.64484, 0.760873, 0.0724856, 0.69237, -0.621675, 0.366258, 0.323738, -0.185991, -0.927686, -1.01156, 1.08771, 0.245318)
bind/47/name = &"Neck"
bind/47/bone = -1
bind/47/pose = Transform3D(1, -5.96059e-08, 4.49501e-10, 5.60499e-08, 1, 4.47035e-08, 2.86615e-08, -5.96046e-08, 1, 1.19649e-07, -1.56421, 0.0587582)
bind/48/name = &"Head"
bind/48/bone = -1
bind/48/pose = Transform3D(1, -1.78815e-07, 4.49506e-10, 1.78751e-07, 1, 9.49949e-08, -5.73089e-09, -6.14673e-08, 1, 1.47077e-07, -1.65516, 0.0397893)
bind/49/name = &"LeftUpperLeg"
bind/49/bone = -1
bind/49/pose = Transform3D(-1, 3.93484e-08, -1.49012e-08, -8.60309e-08, -1, 2.79397e-09, -1.49012e-08, 1.49012e-08, 1, 0.090058, 0.952998, 0.00529999)
bind/50/name = &"LeftLowerLeg"
bind/50/bone = -1
bind/50/pose = Transform3D(1, -8.47504e-08, 2.98023e-08, 1.76951e-08, -1, -1.49012e-08, 2.98023e-08, -1.49012e-08, -1, -0.142178, 0.530672, -0.0180096)
bind/51/name = &"calf_twist_01_l"
bind/51/bone = -1
bind/51/pose = Transform3D(-0.07394, 0.982454, 0.171219, -0.994787, -0.0847515, 0.0567103, 0.0702264, -0.166134, 0.983599, -0.303022, 0.186633, 0.0927766)
bind/52/name = &"LeftFoot"
bind/52/bone = -1
bind/52/pose = Transform3D(-1, 1.26543e-07, -1.11759e-08, -2.23517e-08, 1.86265e-09, 1, 1.11235e-07, 1, 2.79397e-08, 0.170763, 0.0807213, -0.134657)
bind/53/name = &"LeftToes"
bind/53/bone = -1
bind/53/pose = Transform3D(1, -2.12342e-07, 1.11759e-08, 1.09256e-07, -2.6077e-08, 1, 3.07336e-08, -1, 1.00583e-07, -0.179087, -0.0835709, 0.02812)
bind/54/name = &"thigh_twist_01_l"
bind/54/bone = -1
bind/54/pose = Transform3D(-0.122287, 0.992016, 0.0308271, -0.991013, -0.123742, 0.0508115, 0.0542204, -0.0243365, 0.998232, -0.713271, 0.207464, 0.0233839)
bind/55/name = &"RightUpperLeg"
bind/55/bone = -1
bind/55/pose = Transform3D(-1, 2.02563e-08, 0, 2.07801e-07, -1, 9.31323e-10, 1.49012e-08, -1.11759e-08, 1, -0.0900581, 0.953, 0.00529997)
bind/56/name = &"RightLowerLeg"
bind/56/bone = -1
bind/56/pose = Transform3D(1, -9.22009e-08, -7.45058e-09, 1.01514e-07, -1, -2.98023e-08, -2.98023e-08, 0, -1, 0.142179, 0.530672, -0.0180096)
bind/57/name = &"calf_twist_01_r"
bind/57/bone = -1
bind/57/pose = Transform3D(-0.073941, -0.982454, -0.171219, -0.994787, 0.0847522, -0.0567069, 0.0702231, 0.166134, -0.983599, 0.303021, -0.186634, -0.0927771)
bind/58/name = &"RightFoot"
bind/58/bone = -1
bind/58/pose = Transform3D(-1, 1.10012e-07, -7.45058e-09, 2.23517e-08, -1.39698e-08, 1, -2.30444e-07, 1, 2.70084e-08, -0.170763, 0.0807214, -0.134656)
bind/59/name = &"RightToes"
bind/59/bone = -1
bind/59/pose = Transform3D(1, -1.43424e-07, -4.65661e-09, -1.09256e-07, -4.47035e-08, 1, 8.84756e-08, -1, -2.49594e-07, 0.179087, -0.0835701, 0.0281188)
bind/60/name = &"thigh_twist_01_r"
bind/60/bone = -1
bind/60/pose = Transform3D(-0.122286, -0.992016, -0.0308272, -0.991013, 0.123742, -0.0508082, 0.0542172, 0.024337, -0.998232, 0.713273, -0.207464, -0.0233847)
bind/61/name = &"ik_foot_root"
bind/61/bone = -1
bind/61/pose = Transform3D(1, 0, 0, 0, 1, 0, 0, 0, 1, 0, 0, 0)
bind/62/name = &"ik_foot_l"
bind/62/bone = -1
bind/62/pose = Transform3D(-0.0148261, 0.999808, 0.0127943, -0.998845, -0.0153941, 0.0455056, 0.0456939, -0.0121048, 0.998882, -0.131067, 0.176312, 0.0744582)
bind/63/name = &"ik_foot_r"
bind/63/bone = -1
bind/63/pose = Transform3D(-0.0148261, -0.999808, -0.0127943, -0.998845, 0.0153942, -0.0455056, 0.0456939, 0.0121048, -0.998882, 0.131065, -0.176312, -0.0744584)
bind/64/name = &"ik_hand_root"
bind/64/bone = -1
bind/64/pose = Transform3D(1, 0, 0, 0, 1, 0, 0, 0, 1, 0, 0, 0)
bind/65/name = &"ik_hand_gun"
bind/65/bone = -1
bind/65/pose = Transform3D(0.687474, 0.576042, -0.442216, 0.387225, 0.224378, 0.894266, 0.614358, -0.786022, -0.0688038, -0.255378, -0.0282373, 1.22561)
bind/66/name = &"ik_hand_l"
bind/66/bone = -1
bind/66/pose = Transform3D(0.687474, -0.576042, 0.442216, 0.387225, -0.224378, -0.894266, 0.614358, 0.786022, 0.0688038, 0.255379, 0.0282371, -1.2256)
bind/67/name = &"ik_hand_r"
bind/67/bone = -1
bind/67/pose = Transform3D(0.687474, 0.576042, -0.442216, 0.387225, 0.224378, 0.894266, 0.614358, -0.786022, -0.0688038, -0.255378, -0.0282373, 1.22561)

[sub_resource type="CapsuleMesh" id="CapsuleMesh_8q154"]
radius = 0.005
height = 0.05

[node name="Model" type="Node3D"]
script = ExtResource("1_a2new")

[node name="Mesh" type="Node3D" parent="."]

[node name="Skeleton3D" type="Skeleton3D" parent="Mesh"]
motion_scale = 0.967506
bones/0/name = "Root"
bones/0/parent = -1
bones/0/rest = Transform3D(1, 0, 0, 0, 1, 0, 0, 0, 1, 0, 0, 0)
bones/0/enabled = true
bones/0/position = Vector3(5.09319e-09, 0, 0.0105615)
bones/0/rotation = Quaternion(0, 0, 0, 1)
bones/0/scale = Vector3(1, 1, 1)
bones/1/name = "Hips"
bones/1/parent = 0
bones/1/rest = Transform3D(1, 0, 0, 0, 1, 0, 0, 0, 1, 1.35368e-30, 0.967506, -0.0105615)
bones/1/enabled = true
bones/1/position = Vector3(0.00231748, 0.888596, -0.0120378)
bones/1/rotation = Quaternion(-0.0878326, -0.478562, -0.0481907, 0.87232)
bones/1/scale = Vector3(1, 1, 1)
bones/2/name = "Spine"
bones/2/parent = 1
bones/2/rest = Transform3D(1, 0, 0, 0, 1, 0, 0, 0, 1, 6.44458e-09, 0.108057, 0.00890702)
bones/2/enabled = true
bones/2/position = Vector3(6.44458e-09, 0.108057, 0.00890702)
bones/2/rotation = Quaternion(0.0436341, -0.00397586, -0.0214502, 0.998809)
bones/2/scale = Vector3(1, 1, 1)
bones/3/name = "Chest"
bones/3/parent = 2
bones/3/rest = Transform3D(1, 0, 0, 0, 1, 0, 0, 0, 1, 1.08452e-08, 0.192068, -0.0135113)
bones/3/enabled = true
bones/3/position = Vector3(1.08452e-08, 0.192068, -0.0135113)
bones/3/rotation = Quaternion(0.0611415, -0.00273797, 0.0131642, 0.998039)
bones/3/scale = Vector3(1, 1, 1)
bones/4/name = "UpperChest"
bones/4/parent = 3
bones/4/rest = Transform3D(1, 0, 0, 0, 1, 0, 0, 0, 1, 7.89848e-09, 0.132667, -0.0198217)
bones/4/enabled = true
bones/4/position = Vector3(7.89848e-09, 0.132667, -0.0198217)
bones/4/rotation = Quaternion(0.10018, 5.70193e-05, 0.013089, 0.994883)
bones/4/scale = Vector3(1, 1, 1)
bones/5/name = "LeftShoulder"
bones/5/parent = 4
bones/5/rest = Transform3D(0, 1, 0, 0, 0, 1, 1, 0, 0, 0.0378198, 0.121714, 0.00737318)
bones/5/enabled = true
bones/5/position = Vector3(0.0378198, 0.121714, 0.00737318)
bones/5/rotation = Quaternion(0.525822, 0.493204, 0.511575, -0.467495)
bones/5/scale = Vector3(1, 1, 1)
bones/6/name = "LeftUpperArm"
bones/6/parent = 5
bones/6/rest = Transform3D(-1, 0, 0, 0, 1, 0, 0, 0, -1, -0.0695055, 0.139182, -0.026711)
bones/6/enabled = true
bones/6/position = Vector3(-0.0695055, 0.139182, -0.026711)
bones/6/rotation = Quaternion(-0.139754, 0.977506, -0.133145, 0.0849906)
bones/6/scale = Vector3(1, 1, 1)
bones/7/name = "LeftLowerArm"
bones/7/parent = 6
bones/7/rest = Transform3D(0, 0, -1, 0, 1, 0, 1, 0, 0, 0.021992, 0.195644, 0.230848)
bones/7/enabled = true
bones/7/position = Vector3(0.021992, 0.195644, 0.230848)
bones/7/rotation = Quaternion(0.0831104, -0.843428, 0.255315, 0.465334)
bones/7/scale = Vector3(1, 1, 1)
bones/8/name = "LeftHand"
bones/8/parent = 7
bones/8/rest = Transform3D(0, 0, 1, 0, 1, 0, -1, 0, 0, 0.147656, 0.193814, 0.115757)
bones/8/enabled = true
bones/8/position = Vector3(0.147656, 0.193814, 0.115757)
bones/8/rotation = Quaternion(-0.0472095, -0.0988674, -0.493244, 0.862964)
bones/8/scale = Vector3(1, 1, 1)
bones/9/name = "LeftIndexProximal"
bones/9/parent = 8
bones/9/rest = Transform3D(1, 0, 0, 0, 1, 0, 0, 0, 1, -0.0710174, 0.0639631, 0.0786455)
bones/9/enabled = true
bones/9/position = Vector3(-0.0710174, 0.0639631, 0.0786455)
bones/9/rotation = Quaternion(-0.210883, -0.433255, -0.0802583, 0.872569)
bones/9/scale = Vector3(1, 1, 1)
bones/10/name = "LeftIndexIntermediate"
bones/10/parent = 9
bones/10/rest = Transform3D(1, 0, 0, 0, 1, 0, 0, 0, 1, -0.013285, 0.0162976, 0.0373652)
bones/10/enabled = true
bones/10/position = Vector3(-0.013285, 0.0162976, 0.0373652)
bones/10/rotation = Quaternion(0.151688, 0.100917, 0.00505203, 0.98325)
bones/10/scale = Vector3(1, 1, 1)
bones/11/name = "LeftIndexDistal"
bones/11/parent = 10
bones/11/rest = Transform3D(1, 0, 0, 0, 1, 0, 0, 0, 1, -0.00667613, 0.00764062, 0.0323857)
bones/11/enabled = true
bones/11/position = Vector3(-0.00667613, 0.00764062, 0.0323857)
bones/11/rotation = Quaternion(0.315082, 0.230959, 0.00776164, 0.9205)
bones/11/scale = Vector3(1, 1, 1)
bones/12/name = "LeftMiddleProximal"
bones/12/parent = 8
bones/12/rest = Transform3D(1, 0, 0, 0, 1, 0, 0, 0, 1, -0.0481484, 0.0784403, 0.0819821)
bones/12/enabled = true
bones/12/position = Vector3(-0.0481484, 0.0784403, 0.0819821)
bones/12/rotation = Quaternion(-0.242855, -0.164798, -0.0645737, 0.953779)
bones/12/scale = Vector3(1, 1, 1)
bones/13/name = "LeftMiddleIntermediate"
bones/13/parent = 12
bones/13/rest = Transform3D(1, 0, 0, 0, 1, 0, 0, 0, 1, -0.0124552, 0.0204079, 0.0397705)
bones/13/enabled = true
bones/13/position = Vector3(-0.0124552, 0.0204079, 0.0397705)
bones/13/rotation = Quaternion(0.1806, 0.0709163, 0.0201705, 0.980789)
bones/13/scale = Vector3(1, 1, 1)
bones/14/name = "LeftMiddleDistal"
bones/14/parent = 13
bones/14/rest = Transform3D(1, 0, 0, 0, 1, 0, 0, 0, 1, -0.0081733, 0.00904132, 0.0343927)
bones/14/enabled = true
bones/14/position = Vector3(-0.0081733, 0.00904132, 0.0343927)
bones/14/rotation = Quaternion(0.423381, 0.138305, 0.0276096, 0.894907)
bones/14/scale = Vector3(1, 1, 1)
bones/15/name = "LeftLittleProximal"
bones/15/parent = 8
bones/15/rest = Transform3D(1, 0, 0, 0, 1, 0, 0, 0, 1, -0.00176446, 0.07379, 0.0866216)
bones/15/enabled = true
bones/15/position = Vector3(-0.00176446, 0.07379, 0.0866216)
bones/15/rotation = Quaternion(-0.0218691, 0.113863, -0.117264, 0.986309)
bones/15/scale = Vector3(1, 1, 1)
bones/16/name = "LeftLittleIntermediate"
bones/16/parent = 15
bones/16/rest = Transform3D(1, 0, 0, 0, 1, 0, 0, 0, 1, -0.00285572, 0.0191211, 0.0300236)
bones/16/enabled = true
bones/16/position = Vector3(-0.00285572, 0.0191211, 0.0300236)
bones/16/rotation = Quaternion(0.273332, -0.0164817, 0.0310279, 0.961278)
bones/16/scale = Vector3(1, 1, 1)
bones/17/name = "LeftLittleDistal"
bones/17/parent = 16
bones/17/rest = Transform3D(1, 0, 0, 0, 1, 0, 0, 0, 1, -0.00228067, 0.010753, 0.0277591)
bones/17/enabled = true
bones/17/position = Vector3(-0.00228067, 0.010753, 0.0277591)
bones/17/rotation = Quaternion(0.352195, -0.0135678, 0.0340721, 0.935208)
bones/17/scale = Vector3(1, 1, 1)
bones/18/name = "LeftRingProximal"
bones/18/parent = 8
bones/18/rest = Transform3D(1, 0, 0, 0, 1, 0, 0, 0, 1, -0.0241801, 0.079296, 0.0864036)
bones/18/enabled = true
bones/18/position = Vector3(-0.0241801, 0.079296, 0.0864036)
bones/18/rotation = Quaternion(-0.10388, 0.0259509, -0.0556899, 0.99269)
bones/18/scale = Vector3(1, 1, 1)
bones/19/name = "LeftRingIntermediate"
bones/19/parent = 18
bones/19/rest = Transform3D(1, 0, 0, 0, 1, 0, 0, 0, 1, -0.00892908, 0.0201665, 0.0384218)
bones/19/enabled = true
bones/19/position = Vector3(-0.00892908, 0.0201665, 0.0384218)
bones/19/rotation = Quaternion(0.191982, 0.0164046, 0.0304204, 0.98079)
bones/19/scale = Vector3(1, 1, 1)
bones/20/name = "LeftRingDistal"
bones/20/parent = 19
bones/20/rest = Transform3D(1, 0, 0, 0, 1, 0, 0, 0, 1, -0.00574768, 0.00841831, 0.0332386)
bones/20/enabled = true
bones/20/position = Vector3(-0.00574768, 0.00841831, 0.0332386)
bones/20/rotation = Quaternion(0.374405, 0.0406323, 0.0693809, 0.923773)
bones/20/scale = Vector3(1, 1, 1)
bones/21/name = "LeftThumbMetacarpal"
bones/21/parent = 8
bones/21/rest = Transform3D(0, -0.577, 0.816, 0, 0.816, 0.577, -1, 0, 0, -0.0421193, 0.0083198, 0.0404049)
bones/21/enabled = true
bones/21/position = Vector3(-0.0421193, 0.0083198, 0.0404049)
bones/21/rotation = Quaternion(-0.387119, 0.602578, 0.294087, 0.632891)
bones/21/scale = Vector3(1, 0.999392, 0.999392)
bones/22/name = "LeftThumbProximal"
bones/22/parent = 21
bones/22/rest = Transform3D(1, 0, 0, 0, 1, 2.98023e-08, 0, -2.98023e-08, 1, -0.0217165, 0.0195456, -0.0253977)
bones/22/enabled = true
bones/22/position = Vector3(-0.0217165, 0.0195456, -0.0253977)
bones/22/rotation = Quaternion(-0.0815828, -0.20762, -0.0291712, 0.974365)
bones/22/scale = Vector3(1.00006, 0.999981, 0.999961)
bones/23/name = "LeftThumbDistal"
bones/23/parent = 22
bones/23/rest = Transform3D(1, 0, 0, 0, 1, 0, 0, 0, 1, -0.0320516, 0.0158248, -0.0193172)
bones/23/enabled = true
bones/23/position = Vector3(-0.0320516, 0.0158248, -0.0193172)
bones/23/rotation = Quaternion(0.139728, 0.31554, 0.0271517, 0.938176)
bones/23/scale = Vector3(1.00002, 0.999999, 0.99998)
bones/24/name = "lowerarm_twist_01_l"
bones/24/parent = 7
bones/24/rest = Transform3D(0.547377, -0.735362, -0.399526, 0.718491, 0.657722, -0.226213, 0.429125, -0.163232, 0.888373, 0.0766328, 0.100589, 0.0600776)
bones/24/enabled = true
bones/24/position = Vector3(0.0766328, 0.100589, 0.0600776)
bones/24/rotation = Quaternion(0.0179041, -0.235569, 0.413302, 0.879414)
bones/24/scale = Vector3(1, 1, 1)
bones/25/name = "upperarm_twist_01_l"
bones/25/parent = 6
bones/25/rest = Transform3D(0.0724855, 0.0277194, -0.996984, 0.64484, 0.761283, 0.068049, 0.760873, -0.647827, 0.0373074, 0.000362427, 0.0032242, 0.00380437)
bones/25/enabled = true
bones/25/position = Vector3(0.000379238, 0.00303353, 0.00396405)
bones/25/rotation = Quaternion(-0.347143, -0.665995, 0.142215, 0.644762)
bones/25/scale = Vector3(1, 1, 1)
bones/26/name = "RightShoulder"
bones/26/parent = 4
bones/26/rest = Transform3D(0, -1, 0, 0, 0, 1, -1, 0, 0, -0.03782, 0.121715, 0.00737315)
bones/26/enabled = true
bones/26/position = Vector3(-0.03782, 0.121715, 0.00737315)
bones/26/rotation = Quaternion(0.52357, -0.474113, -0.494637, -0.506384)
bones/26/scale = Vector3(1, 1, 1)
bones/27/name = "RightUpperArm"
bones/27/parent = 26
bones/27/rest = Transform3D(-1, 0, 0, 0, 1, 0, 0, 0, -1, 0.0695053, 0.139182, -0.0267107)
bones/27/enabled = true
bones/27/position = Vector3(0.0695053, 0.139182, -0.0267107)
bones/27/rotation = Quaternion(0.0349427, 0.973177, -0.142667, -0.177066)
bones/27/scale = Vector3(1, 1, 1)
bones/28/name = "RightLowerArm"
bones/28/parent = 27
bones/28/rest = Transform3D(0, 0, 1, 0, 1, 0, -1, 0, 0, -0.0219922, 0.195645, 0.230849)
bones/28/enabled = true
bones/28/position = Vector3(-0.0219922, 0.195645, 0.230849)
bones/28/rotation = Quaternion(0.0456026, 0.795388, -0.140095, 0.587922)
bones/28/scale = Vector3(1, 1, 1)
bones/29/name = "RightHand"
bones/29/parent = 28
bones/29/rest = Transform3D(0, 0, -1, 0, 1, 0, 1, 0, 0, -0.147656, 0.193815, 0.115758)
bones/29/enabled = true
bones/29/position = Vector3(-0.147656, 0.193815, 0.115758)
bones/29/rotation = Quaternion(0.105125, -0.37314, 0.0707975, 0.919077)
bones/29/scale = Vector3(1, 1, 1)
bones/30/name = "RightIndexProximal"
bones/30/parent = 29
bones/30/rest = Transform3D(1, 0, 0, 0, 1, 0, 0, 0, 1, 0.0710168, 0.0639601, 0.0786466)
bones/30/enabled = true
bones/30/position = Vector3(0.0710168, 0.0639601, 0.0786466)
bones/30/rotation = Quaternion(0.134643, -0.0280267, 0.0669854, 0.98823)
bones/30/scale = Vector3(1, 1, 1)
bones/31/name = "RightIndexIntermediate"
bones/31/parent = 30
bones/31/rest = Transform3D(1, 0, 0, 0, 1, 0, 0, 0, 1, 0.0132855, 0.0162994, 0.0373665)
bones/31/enabled = true
bones/31/position = Vector3(0.0132855, 0.0162994, 0.0373665)
bones/31/rotation = Quaternion(0.34513, -0.229617, -0.0114954, 0.909961)
bones/31/scale = Vector3(1, 1, 1)
bones/32/name = "RightIndexDistal"
bones/32/parent = 31
bones/32/rest = Transform3D(1, 0, 0, 0, 1, 0, 0, 0, 1, 0.00667671, 0.00764165, 0.0323854)
bones/32/enabled = true
bones/32/position = Vector3(0.00667671, 0.00764165, 0.0323854)
bones/32/rotation = Quaternion(0.415313, -0.304426, -0.0102189, 0.857167)
bones/32/scale = Vector3(1, 1, 1)
bones/33/name = "RightMiddleProximal"
bones/33/parent = 29
bones/33/rest = Transform3D(1, 0, 0, 0, 1, 0, 0, 0, 1, 0.0481479, 0.0784386, 0.0819817)
bones/33/enabled = true
bones/33/position = Vector3(0.0481479, 0.0784386, 0.0819817)
bones/33/rotation = Quaternion(0.308056, -0.0508227, -0.0196547, 0.949807)
bones/33/scale = Vector3(1, 1, 1)
bones/34/name = "RightMiddleIntermediate"
bones/34/parent = 33
bones/34/rest = Transform3D(1, 0, 0, 0, 1, 0, 0, 0, 1, 0.0124554, 0.0204075, 0.0397729)
bones/34/enabled = true
bones/34/position = Vector3(0.0124554, 0.0204075, 0.0397729)
bones/34/rotation = Quaternion(0.48374, -0.18995, -0.0540267, 0.85264)
bones/34/scale = Vector3(1, 1, 1)
bones/35/name = "RightMiddleDistal"
bones/35/parent = 34
bones/35/rest = Transform3D(1, 0, 0, 0, 1, 0, 0, 0, 1, 0.00817352, 0.00904179, 0.0343932)
bones/35/enabled = true
bones/35/position = Vector3(0.00817352, 0.00904179, 0.0343932)
bones/35/rotation = Quaternion(0.495719, -0.161934, -0.0323249, 0.85264)
bones/35/scale = Vector3(1, 1, 1)
bones/36/name = "RightLittleProximal"
bones/36/parent = 29
bones/36/rest = Transform3D(1, 0, 0, 0, 1, 0, 0, 0, 1, 0.00176448, 0.0737881, 0.0866226)
bones/36/enabled = true
bones/36/position = Vector3(0.00176448, 0.0737881, 0.0866226)
bones/36/rotation = Quaternion(0.375559, 0.0226421, -0.0426309, 0.925541)
bones/36/scale = Vector3(1, 1, 1)
bones/37/name = "RightLittleIntermediate"
bones/37/parent = 36
bones/37/rest = Transform3D(1, 0, 0, 0, 1, 0, 0, 0, 1, 0.00285578, 0.0191208, 0.0300247)
bones/37/enabled = true
bones/37/position = Vector3(0.00285578, 0.0191208, 0.0300247)
bones/37/rotation = Quaternion(0.586485, 0.0353588, -0.0665729, 0.806445)
bones/37/scale = Vector3(1, 1, 1)
bones/38/name = "RightLittleDistal"
bones/38/parent = 37
bones/38/rest = Transform3D(1, 0, 0, 0, 1, 0, 0, 0, 1, 0.00227993, 0.0107552, 0.0277561)
bones/38/enabled = true
bones/38/position = Vector3(0.00227993, 0.0107552, 0.0277561)
bones/38/rotation = Quaternion(0.3361, 0.0129521, -0.0325043, 0.941176)
bones/38/scale = Vector3(1, 1, 1)
bones/39/name = "RightRingProximal"
bones/39/parent = 29
bones/39/rest = Transform3D(1, 0, 0, 0, 1, 0, 0, 0, 1, 0.0241803, 0.0792952, 0.086406)
bones/39/enabled = true
bones/39/position = Vector3(0.0241803, 0.0792952, 0.086406)
bones/39/rotation = Quaternion(0.360702, -0.0308194, -0.0571599, 0.930418)
bones/39/scale = Vector3(1, 1, 1)
bones/40/name = "RightRingIntermediate"
bones/40/parent = 39
bones/40/rest = Transform3D(1, 0, 0, 0, 1, 0, 0, 0, 1, 0.00892828, 0.0201658, 0.0384187)
bones/40/enabled = true
bones/40/position = Vector3(0.00892828, 0.0201658, 0.0384187)
bones/40/rotation = Quaternion(0.514231, -0.0439375, -0.0814898, 0.85264)
bones/40/scale = Vector3(1, 1, 1)
bones/41/name = "RightRingDistal"
bones/41/parent = 40
bones/41/rest = Transform3D(1, 0, 0, 0, 1, 0, 0, 0, 1, 0.00574771, 0.00841903, 0.0332385)
bones/41/enabled = true
bones/41/position = Vector3(0.00574771, 0.00841903, 0.0332385)
bones/41/rotation = Quaternion(0.510851, -0.0554466, -0.0946701, 0.85264)
bones/41/scale = Vector3(1, 1, 1)
bones/42/name = "RightThumbMetacarpal"
bones/42/parent = 29
bones/42/rest = Transform3D(0, 0.577, -0.816, 0, 0.816, 0.577, 1, 0, 0, 0.0421194, 0.00831962, 0.0404065)
bones/42/enabled = true
bones/42/position = Vector3(0.0421194, 0.00831962, 0.0404065)
bones/42/rotation = Quaternion(-0.391486, -0.689558, -0.301764, 0.529328)
bones/42/scale = Vector3(1, 0.999392, 0.999392)
bones/43/name = "RightThumbProximal"
bones/43/parent = 42
bones/43/rest = Transform3D(1, 0, 0, 0, 1, 2.98023e-08, 0, -2.98023e-08, 1, 0.0217155, 0.0195444, -0.025398)
bones/43/enabled = true
bones/43/position = Vector3(0.0217155, 0.0195444, -0.025398)
bones/43/rotation = Quaternion(-1.49011e-08, 0, 0, 1)
bones/43/scale = Vector3(1.00006, 0.99998, 0.999961)
bones/44/name = "RightThumbDistal"
bones/44/parent = 43
bones/44/rest = Transform3D(1, 0, 0, 0, 1, 0, 0, 0, 1, 0.0320517, 0.0158248, -0.0193172)
bones/44/enabled = true
bones/44/position = Vector3(0.0320517, 0.0158248, -0.0193172)
bones/44/rotation = Quaternion(0.124734, -0.281683, -0.0242361, 0.951057)
bones/44/scale = Vector3(1.00002, 0.999999, 0.99998)
bones/45/name = "lowerarm_twist_01_r"
bones/45/parent = 28
bones/45/rest = Transform3D(0.547377, -0.621675, -0.560266, -0.718491, -0.69237, 0.0662951, -0.429125, 0.366258, -0.825655, -0.0766327, 0.100589, 0.0600778)
bones/45/enabled = true
bones/45/position = Vector3(-0.0772109, 0.100671, 0.0592146)
bones/45/rotation = Quaternion(0.850239, -0.329206, -0.339068, 0.231839)
bones/45/scale = Vector3(1, 1, 1)
bones/46/name = "upperarm_twist_01_r"
bones/46/parent = 27
bones/46/rest = Transform3D(0.0724855, 0.366258, -0.927686, -0.64484, -0.69237, -0.323738, -0.760873, 0.621675, 0.185991, -0.000362465, 0.0032242, 0.00380436)
bones/46/enabled = true
bones/46/position = Vector3(-0.000379329, 0.00303344, 0.00396456)
bones/46/rotation = Quaternion(-0.574876, 0.024691, 0.680562, -0.453589)
bones/46/scale = Vector3(1, 1, 1)
bones/47/name = "Neck"
bones/47/parent = 4
bones/47/rest = Transform3D(1, 0, 0, 0, 1, 0, 0, 0, 1, 1.03556e-08, 0.163911, -0.0237706)
bones/47/enabled = true
bones/47/position = Vector3(1.03556e-08, 0.163911, -0.0237706)
bones/47/rotation = Quaternion(0.0795025, 0.245572, -0.0522658, 0.964698)
bones/47/scale = Vector3(1, 1, 1)
bones/48/name = "Head"
bones/48/parent = 47
bones/48/rest = Transform3D(1, 0, 0, 0, 1, 0, 0, 0, 1, 5.42948e-09, 0.0909505, 0.0189689)
bones/48/enabled = true
bones/48/position = Vector3(5.42948e-09, 0.0909505, 0.0189689)
bones/48/rotation = Quaternion(-0.0286075, 0.198626, -0.0404055, 0.978824)
bones/48/scale = Vector3(1, 1, 1)
bones/49/name = "LeftUpperLeg"
bones/49/parent = 1
bones/49/rest = Transform3D(-1, 0, 0, 0, -1, 0, 0, 0, 1, 0.0900581, -0.0145075, 0.00526153)
bones/49/enabled = true
bones/49/position = Vector3(0.0900581, -0.0145075, 0.00526153)
bones/49/rotation = Quaternion(0.199522, 0.0189276, 0.956057, -0.213979)
bones/49/scale = Vector3(1, 1, 1)
bones/50/name = "LeftLowerLeg"
bones/50/parent = 49
bones/50/rest = Transform3D(-1, 0, 0, 0, 1, 0, 0, 0, -1, -0.0521204, 0.422327, -0.0127096)
bones/50/enabled = true
bones/50/position = Vector3(-0.0521204, 0.422327, -0.0127096)
bones/50/rotation = Quaternion(0.00268134, 0.979868, -0.198622, 0.0200459)
bones/50/scale = Vector3(1, 1, 1)
bones/51/name = "calf_twist_01_l"
bones/51/parent = 50
bones/51/rest = Transform3D(-0.0739403, -0.994787, 0.0702264, -0.982455, 0.0847518, 0.166134, -0.171219, -0.0567103, -0.983599, 0.0145612, 0.201736, 0.0319462)
bones/51/enabled = true
bones/51/position = Vector3(0.0145495, 0.201727, 0.0320067)
bones/51/rotation = Quaternion(-0.674883, 0.732041, 0.0318016, 0.0873967)
bones/51/scale = Vector3(1, 1, 1)
bones/52/name = "LeftFoot"
bones/52/parent = 50
bones/52/rest = Transform3D(-1, 0, 0, 0, 0, -1, 0, -1, 0, 0.0285842, 0.396015, 0.0627117)
bones/52/enabled = true
bones/52/position = Vector3(0.0285842, 0.396015, 0.0627117)
bones/52/rotation = Quaternion(-0.0427217, 0.690146, -0.717243, 0.0862268)
bones/52/scale = Vector3(1, 1, 1)
bones/53/name = "LeftToes"
bones/53/parent = 52
bones/53/rest = Transform3D(-1, 0, 0, 0, 1, 0, 0, 0, -1, -0.00832432, 0.164292, -0.106537)
bones/53/enabled = true
bones/53/position = Vector3(-0.00832432, 0.164292, -0.106537)
bones/53/rotation = Quaternion(0.0566838, 0.996254, 0.00805625, 0.064811)
bones/53/scale = Vector3(1, 1, 1)
bones/54/name = "thigh_twist_01_l"
bones/54/parent = 49
bones/54/rest = Transform3D(0.122287, 0.991013, -0.0542204, -0.992016, 0.123742, 0.0243365, 0.0308271, 0.0508115, 0.998232, -0.0270497, 0.219181, -0.00659608)
bones/54/enabled = true
bones/54/position = Vector3(-0.0270623, 0.21918, -0.00663116)
bones/54/rotation = Quaternion(0.0114891, -0.0308387, -0.66179, 0.748966)
bones/54/scale = Vector3(1, 1, 1)
bones/55/name = "RightUpperLeg"
bones/55/parent = 1
bones/55/rest = Transform3D(-1, 0, 0, 0, -1, 0, 0, 0, 1, -0.090058, -0.0145057, 0.00526158)
bones/55/enabled = true
bones/55/position = Vector3(-0.090058, -0.0145057, 0.00526158)
bones/55/rotation = Quaternion(-0.104516, -0.00494971, 0.975643, 0.1928)
bones/55/scale = Vector3(1, 1, 1)
bones/56/name = "RightLowerLeg"
bones/56/parent = 55
bones/56/rest = Transform3D(-1, 0, 0, 0, 1, 0, 0, 0, -1, 0.0521207, 0.422329, -0.0127097)
bones/56/enabled = true
bones/56/position = Vector3(0.0521207, 0.422329, -0.0127097)
bones/56/rotation = Quaternion(-0.00225623, 0.985922, -0.166345, -0.0167884)
bones/56/scale = Vector3(1, 1, 1)
bones/57/name = "calf_twist_01_r"
bones/57/parent = 56
bones/57/rest = Transform3D(-0.0739413, -0.994787, 0.0702231, 0.982455, -0.0847522, -0.166134, 0.171219, 0.0567069, 0.9836, -0.0145613, 0.201737, 0.0319464)
bones/57/enabled = true
bones/57/position = Vector3(-0.0145974, 0.201771, 0.0317169)
bones/57/rotation = Quaternion(0.0638683, -0.0584329, 0.730658, 0.677234)
bones/57/scale = Vector3(1, 1, 1)
bones/58/name = "RightFoot"
bones/58/parent = 56
bones/58/rest = Transform3D(-1, 0, 0, 0, 0, -1, 0, -1, 0, -0.0285842, 0.396016, 0.0627119)
bones/58/enabled = true
bones/58/position = Vector3(-0.0285842, 0.396016, 0.0627119)
bones/58/rotation = Quaternion(0.107952, 0.667852, -0.73339, -0.0667773)
bones/58/scale = Vector3(1, 1, 1)
bones/59/name = "RightToes"
bones/59/parent = 58
bones/59/rest = Transform3D(-1, 0, 0, 0, 1, 0, 0, 0, -1, 0.00832428, 0.164292, -0.106537)
bones/59/enabled = true
bones/59/position = Vector3(0.00832428, 0.164292, -0.106537)
bones/59/rotation = Quaternion(0.0130774, 0.999143, -0.00119829, -0.0392448)
bones/59/scale = Vector3(1, 1, 1)
bones/60/name = "thigh_twist_01_r"
bones/60/parent = 55
bones/60/rest = Transform3D(0.122286, 0.991013, -0.0542171, 0.992016, -0.123742, -0.024337, -0.0308272, -0.0508082, -0.998232, 0.0270497, 0.219181, -0.00659608)
bones/60/enabled = true
bones/60/position = Vector3(0.0270622, 0.219179, -0.00663123)
bones/60/rotation = Quaternion(0.748966, 0.661791, -0.0308375, -0.0114878)
bones/60/scale = Vector3(1, 1, 1)
bones/61/name = "ik_foot_root"
bones/61/parent = 0
bones/61/rest = Transform3D(1, 0, 0, 0, 1, 0, 0, 0, 1, 0, 0, 0)
bones/61/enabled = true
bones/61/position = Vector3(0, 0, 0)
bones/61/rotation = Quaternion(0, 0, 0, 1)
bones/61/scale = Vector3(1, 1, 1)
bones/62/name = "ik_foot_l"
bones/62/parent = 61
bones/62/rest = Transform3D(-0.0148261, -0.998845, 0.0456939, 0.999808, -0.0153941, -0.0121048, 0.0127943, 0.0455056, 0.998882, 0.170763, 0.134657, -0.0807213)
bones/62/enabled = true
bones/62/position = Vector3(0.31315, 0.145784, 0.248058)
bones/62/rotation = Quaternion(-0.121897, -0.114884, 0.746941, 0.643445)
bones/62/scale = Vector3(1, 1, 1)
bones/63/name = "ik_foot_r"
bones/63/parent = 61
bones/63/rest = Transform3D(-0.0148262, -0.998846, 0.0456939, -0.999808, 0.0153943, 0.0121048, -0.0127943, -0.0455056, -0.998882, -0.170763, 0.134656, -0.0807215)
bones/63/enabled = true
bones/63/position = Vector3(-0.132574, 0.143879, -0.409991)
bones/63/rotation = Quaternion(-0.531506, 0.58059, -0.413128, 0.457975)
bones/63/scale = Vector3(1, 1, 1)
bones/64/name = "ik_hand_root"
bones/64/parent = 0
bones/64/rest = Transform3D(1, 0, 0, 0, 1, 0, 0, 0, 1, 0, 0, 0)
bones/64/enabled = true
bones/64/position = Vector3(0, 0, 0)
bones/64/rotation = Quaternion(0, 0, 0, 1)
bones/64/scale = Vector3(1, 1, 1)
bones/65/name = "ik_hand_gun"
bones/65/parent = 64
bones/65/rest = Transform3D(0.687474, 0.387225, 0.614358, 0.576042, 0.224378, -0.786022, -0.442216, 0.894266, -0.0688038, -0.566461, 1.1168, -0.00335412)
bones/65/enabled = true
bones/65/position = Vector3(-0.30552, 1.04469, -0.353007)
bones/65/rotation = Quaternion(0.067003, 0.0344947, -0.0687274, 0.994785)
bones/65/scale = Vector3(1, 1, 1)
bones/66/name = "ik_hand_l"
bones/66/parent = 65
bones/66/rest = Transform3D(-0.0547588, 0.532415, 0.844711, 0.532415, -0.700113, 0.47579, 0.844711, 0.47579, -0.245128, 0.778854, 0.438695, 0.696019)
bones/66/enabled = true
bones/66/position = Vector3(0.462468, 0.200393, 0.762981)
bones/66/rotation = Quaternion(0.522424, -0.315332, 0.716993, 0.336988)
bones/66/scale = Vector3(1, 1, 1)
bones/67/name = "ik_hand_r"
bones/67/parent = 65
bones/67/rest = Transform3D(1, -2.98023e-08, -3.53903e-08, 2.98023e-08, 1, 7.45058e-09, -1.30385e-08, -3.72529e-09, 1, 0, 0, 0)
bones/67/enabled = true
bones/67/position = Vector3(0, 0, 0)
bones/67/rotation = Quaternion(-3.35276e-08, 6.51926e-09, 2.98023e-08, 1)
bones/67/scale = Vector3(1, 1, 1)

[node name="Mesh" type="MeshInstance3D" parent="Mesh/Skeleton3D"]
mesh = ExtResource("1_xmicb")
skin = SubResource("Skin_c8lwj")

[node name="Attachment" type="BoneAttachment3D" parent="."]
transform = Transform3D(-0.333952, -0.72464, -0.602804, 0.941657, -0.228037, -0.247549, 0.0419227, -0.650304, 0.758516, -0.278837, 1.03827, -0.35591)
bone_name = "RightHand"
bone_idx = 29
use_external_skeleton = true
external_skeleton = NodePath("../Mesh/Skeleton3D")

[node name="Weapon" type="MeshInstance3D" parent="Attachment"]
transform = Transform3D(-0.0219067, 0.99801, 0.0591486, -0.410817, -0.0629224, 0.909544, 0.911455, -0.00437474, 0.411378, 0.0379856, 0.0411275, 0.0990743)
mesh = SubResource("CapsuleMesh_8q154")

[node name="001" parent="Attachment/Weapon" instance=ExtResource("2_6l8mn")]
