[gd_scene load_steps=6 format=3 uid="uid://kwj3ux14xrhv"]

[ext_resource type="Script" path="res://scripts/world/player/character/character.gd" id="1_c4iak"]
[ext_resource type="ArrayMesh" uid="uid://b0pb5ankuigay" path="res://assets/meshs/players/characters/000/women/mesh.tres" id="1_rj65j"]
[ext_resource type="PackedScene" uid="uid://cpr0xtsr74k66" path="res://scenes/world/players/weapons/001/weapon.tscn" id="2_mnag3"]

[sub_resource type="Skin" id="Skin_pxn6g"]
resource_name = "Skin"
bind_count = 61
bind/0/name = &"Root"
bind/0/bone = -1
bind/0/pose = Transform3D(1, 0, 0, 0, 1, 0, 0, 0, 1, 0, 0, 0)
bind/1/name = &"Hips"
bind/1/bone = -1
bind/1/pose = Transform3D(1, -5.96059e-08, 4.49502e-10, 5.96039e-08, 1, 2.32831e-10, 2.00514e-10, 4.65661e-10, 1, 4.13751e-08, -0.967506, 0.0105615)
bind/2/name = &"Spine"
bind/2/bone = -1
bind/2/pose = Transform3D(1, -1.19211e-07, 4.49501e-10, 1.17735e-07, 1, 0, 2.26804e-08, -2.98023e-08, 1, 1.86585e-08, -1.1192, -0.00398351)
bind/3/name = &"Chest"
bind/3/bone = -1
bind/3/pose = Transform3D(1, -5.96059e-08, 4.49504e-10, 5.87902e-08, 1, 5.96046e-08, -1.4144e-08, -3.72529e-08, 1, 4.13355e-09, -1.21856, 0.00940038)
bind/4/name = &"UpperChest"
bind/4/bone = -1
bind/4/pose = Transform3D(1, -1.19211e-07, 4.49504e-10, 1.16767e-07, 1, 8.9407e-08, -2.96866e-08, -4.47035e-08, 1, 2.18359e-08, -1.38795, 0.0329256)
bind/5/name = &"LeftShoulder"
bind/5/bone = -1
bind/5/pose = Transform3D(-8.9407e-08, -9.43097e-08, 1, 1, 4.96966e-08, 2.98023e-08, -1.14138e-07, 1, 8.46973e-08, 0.0740232, -0.0235492, -1.42911)
bind/6/name = &"LeftUpperArm"
bind/6/bone = -1
bind/6/pose = Transform3D(1.49012e-08, 1.04308e-07, -1, 1, 1.57394e-07, -5.21541e-08, 3.42727e-07, -1, -1.41561e-07, -0.0751122, -0.115295, 1.40707)
bind/7/name = &"LeftLowerArm"
bind/7/bone = -1
bind/7/pose = Transform3D(3.35276e-07, -1, -2.68221e-07, 1, 2.23517e-08, -1.04308e-07, 1.04308e-07, -1.49012e-07, 1, 1.21448, -0.320054, 0.116349)
bind/8/name = &"LeftHand"
bind/8/bone = -1
bind/8/pose = Transform3D(-1.04308e-07, 2.30968e-07, -1, 1, -1.19209e-07, 8.9407e-08, 2.98023e-07, -1, -3.35276e-07, -0.0300601, -0.487414, 1.07814)
bind/9/name = &"LeftIndexProximal"
bind/9/bone = -1
bind/9/pose = Transform3D(-1.19209e-07, 3.27826e-07, -1, 1, -2.98023e-08, 5.96046e-08, 4.17233e-07, -1, -2.83122e-07, 0.0299695, -0.538094, 1.01256)
bind/10/name = &"LeftIndexIntermediate"
bind/10/bone = -1
bind/10/pose = Transform3D(8.9407e-08, 1.93715e-07, -1, 1, -1.49012e-07, 8.9407e-08, 3.72529e-07, -1, -2.08616e-07, 0.039618, -0.552986, 0.98197)
bind/11/name = &"LeftIndexDistal"
bind/11/bone = -1
bind/11/pose = Transform3D(5.96046e-08, 2.98023e-07, -1, 1, -5.96046e-08, 1.49012e-07, 4.47035e-07, -1, -2.68221e-07, 0.0460813, -0.558463, 0.9554)
bind/12/name = &"LeftMiddleProximal"
bind/12/bone = -1
bind/12/pose = Transform3D(-1.19209e-07, 2.68221e-07, -1, 1, 0, 1.19209e-07, 4.47035e-07, -1, -2.5332e-07, 0.0113142, -0.55083, 1.01062)
bind/13/name = &"LeftMiddleIntermediate"
bind/13/bone = -1
bind/13/pose = Transform3D(-1.19209e-07, 2.68221e-07, -1, 1, 5.96046e-08, 2.08616e-07, 5.66244e-07, -1, -2.16067e-07, 0.0203014, -0.568307, 0.977227)
bind/14/name = &"LeftMiddleDistal"
bind/14/bone = -1
bind/14/pose = Transform3D(0, 2.5332e-07, -1, 1, -1.49012e-08, 1.49012e-07, 4.91738e-07, -1, -1.41561e-07, 0.0268834, -0.57571, 0.949811)
bind/15/name = &"LeftLittleProximal"
bind/15/bone = -1
bind/15/pose = Transform3D(-8.9407e-08, 2.16067e-07, -1, 1, -2.08616e-07, -2.98023e-08, 2.98023e-07, -1, -1.75089e-07, -0.0272073, -0.54891, 1.00758)
bind/16/name = &"LeftLittleIntermediate"
bind/16/bone = -1
bind/16/pose = Transform3D(-3.91155e-08, 2.96161e-07, -1, 1, -2.08616e-07, -6.14673e-08, 2.38419e-07, -1, -2.27243e-07, -0.0259265, -0.563516, 0.981527)
bind/17/name = &"LeftLittleDistal"
bind/17/bone = -1
bind/17/pose = Transform3D(-1.19209e-07, 1.92318e-07, -1, 1, -5.21541e-08, -1.49012e-08, 4.61936e-07, -1, -2.19326e-07, -0.0238923, -0.571743, 0.958331)
bind/18/name = &"LeftRingProximal"
bind/18/bone = -1
bind/18/pose = Transform3D(-6.70552e-08, 1.32248e-07, -1, 1, -5.96046e-08, 9.31323e-08, 5.36442e-07, -1, -1.95578e-07, -0.00857588, -0.552539, 1.00731)
bind/19/name = &"LeftRingIntermediate"
bind/19/bone = -1
bind/19/pose = Transform3D(-3.72529e-08, 1.37836e-07, -1, 1, -2.98023e-08, 1.04308e-07, 5.06639e-07, -1, -2.42144e-07, -0.00230029, -0.569041, 0.978963)
bind/20/name = &"LeftRingDistal"
bind/20/bone = -1
bind/20/pose = Transform3D(-3.72529e-08, 2.86847e-07, -1, 1, -4.47035e-08, 2.75671e-07, 5.21541e-07, -1, -2.08616e-07, 0.00265566, -0.574841, 0.951779)
bind/21/name = &"LeftThumbMetacarpal"
bind/21/bone = -1
bind/21/pose = Transform3D(-1.49012e-07, 1, 3.27826e-07, 0.816993, -7.45058e-08, 0.577702, 0.577702, -2.98023e-08, -0.816993, -1.04369, -0.405958, -0.280935)
bind/22/name = &"LeftThumbProximal"
bind/22/bone = -1
bind/22/pose = Transform3D(-2.38419e-07, 1, 2.98023e-07, 0.816993, -1.37836e-07, 0.577702, 0.577702, -5.96046e-08, -0.816993, -1.02598, -0.421696, -0.260101)
bind/23/name = &"LeftThumbDistal"
bind/23/bone = -1
bind/23/pose = Transform3D(-2.23517e-07, 1, 2.68221e-07, 0.816993, -5.96046e-08, 0.577702, 0.577702, -2.98023e-08, -0.816993, -0.999839, -0.43567, -0.244239)
bind/24/name = &"lowerarm_twist_01_l"
bind/24/bone = -1
bind/24/pose = Transform3D(0.696243, -0.587646, 0.41221, 0.676184, 0.729649, -0.101921, -0.240875, 0.349691, 0.90537, 0.399062, -1.11719, -0.24076)
bind/25/name = &"upperarm_twist_01_l"
bind/25/bone = -1
bind/25/pose = Transform3D(0.720516, -0.689373, -0.0749753, 0.690091, 0.723445, -0.0200305, 0.068049, -0.0373074, 0.996984, 0.724874, -1.09829, 0.119051)
bind/26/name = &"RightShoulder"
bind/26/bone = -1
bind/26/pose = Transform3D(-5.96046e-08, 1.23533e-08, -1, -1, -9.90808e-09, -2.98023e-08, -1.07793e-07, 1, 7.05176e-09, -0.0740231, -0.0235493, -1.42911)
bind/27/name = &"RightUpperArm"
bind/27/bone = -1
bind/27/pose = Transform3D(2.98023e-08, -4.09782e-08, 1, -1, -2.14204e-08, -6.70552e-08, -1.08965e-07, -1, -6.33299e-08, 0.0751118, -0.115294, 1.40707)
bind/28/name = &"RightLowerArm"
bind/28/bone = -1
bind/28/pose = Transform3D(6.70552e-08, 1, 8.9407e-08, -1, -1.2666e-07, -2.98023e-08, -8.9407e-08, -8.9407e-08, 1, -1.21448, -0.320054, 0.116349)
bind/29/name = &"RightHand"
bind/29/bone = -1
bind/29/pose = Transform3D(-7.45058e-08, 6.70552e-08, 1, -1, -2.68221e-07, -8.19564e-08, -2.98023e-08, -1, 2.98023e-08, 0.0300591, -0.487414, 1.07814)
bind/30/name = &"RightIndexProximal"
bind/30/bone = -1
bind/30/pose = Transform3D(-1.78814e-07, 7.45058e-08, 1, -1, -2.98023e-07, -2.38419e-07, -1.49012e-07, -1, 4.47035e-08, -0.0299699, -0.538092, 1.01256)
bind/31/name = &"RightIndexIntermediate"
bind/31/bone = -1
bind/31/pose = Transform3D(2.98023e-08, 1.49012e-08, 1, -1, -2.68221e-07, -5.96046e-08, -8.9407e-08, -1, -5.96046e-08, -0.0396184, -0.552986, 0.98197)
bind/32/name = &"RightIndexDistal"
bind/32/bone = -1
bind/32/pose = Transform3D(0, 8.9407e-08, 1, -1, -3.27826e-07, -1.19209e-07, -1.78814e-07, -1, -4.47035e-08, -0.0460818, -0.558463, 0.9554)
bind/33/name = &"RightMiddleProximal"
bind/33/bone = -1
bind/33/pose = Transform3D(-5.96046e-08, 2.98023e-08, 1, -1, -8.9407e-08, -1.49012e-08, -1.19209e-07, -1, -8.9407e-08, -0.0113147, -0.55083, 1.01062)
bind/34/name = &"RightMiddleIntermediate"
bind/34/bone = -1
bind/34/pose = Transform3D(-8.9407e-08, 1.41561e-07, 1, -1, -1.19209e-07, -8.9407e-08, -2.08616e-07, -1, 7.45058e-09, -0.0203018, -0.568307, 0.977228)
bind/35/name = &"RightMiddleDistal"
bind/35/bone = -1
bind/35/pose = Transform3D(-2.98023e-08, -2.98023e-08, 1, -1, -8.9407e-08, -5.96046e-08, -1.19209e-07, -1, -5.96046e-08, -0.0268814, -0.575683, 0.949803)
bind/36/name = &"RightLittleProximal"
bind/36/bone = -1
bind/36/pose = Transform3D(-9.68575e-08, 1.546e-07, 1, -1, -2.68221e-07, -2.16067e-07, 0, -1, 6.33299e-08, 0.0272064, -0.548909, 1.00758)
bind/37/name = &"RightLittleIntermediate"
bind/37/bone = -1
bind/37/pose = Transform3D(-4.47035e-08, -4.56348e-08, 1, -1, -2.68221e-07, -1.02445e-07, 2.98023e-08, -1, -8.47504e-08, 0.0259178, -0.563112, 0.981263)
bind/38/name = &"RightLittleDistal"
bind/38/bone = -1
bind/38/pose = Transform3D(-9.31323e-08, -1.30385e-08, 1, -1, -1.78814e-07, -2.64496e-07, -1.41561e-07, -1, -1.28057e-07, 0.02389, -0.572127, 0.958485)
bind/39/name = &"RightRingProximal"
bind/39/bone = -1
bind/39/pose = Transform3D(-7.07805e-08, 1.3411e-07, 1, -1, -5.96046e-08, -8.9407e-08, -2.38419e-07, -1, 9.31323e-09, 0.00857469, -0.55254, 1.00731)
bind/40/name = &"RightRingIntermediate"
bind/40/bone = -1
bind/40/pose = Transform3D(-5.21541e-08, 1.22935e-07, 1, -1, -5.96046e-08, -1.49012e-07, -2.08616e-07, -1, -3.72529e-08, 0.00229987, -0.569041, 0.978964)
bind/41/name = &"RightRingDistal"
bind/41/bone = -1
bind/41/pose = Transform3D(-3.72529e-08, 1.50874e-07, 1, -1, -8.9407e-08, -1.56462e-07, -2.5332e-07, -1, 2.42144e-08, -0.00265618, -0.574841, 0.95178)
bind/42/name = &"RightThumbMetacarpal"
bind/42/bone = -1
bind/42/pose = Transform3D(1.19209e-07, -1, 0, -0.816993, -3.27826e-07, 0.577702, -0.577702, -2.98023e-08, -0.816993, 1.04369, -0.405959, -0.280934)
bind/43/name = &"RightThumbProximal"
bind/43/bone = -1
bind/43/pose = Transform3D(2.98023e-08, -1, 5.96046e-08, -0.816993, -3.57628e-07, 0.577702, -0.577702, -5.96046e-08, -0.816993, 1.0265, -0.422535, -0.260271)
bind/44/name = &"RightThumbDistal"
bind/44/bone = -1
bind/44/pose = Transform3D(5.96046e-08, -1, 1.04308e-07, -0.816993, -2.71946e-07, 0.577702, -0.577702, -5.96046e-08, -0.816992, 0.999839, -0.43567, -0.244239)
bind/45/name = &"lowerarm_twist_01_r"
bind/45/bone = -1
bind/45/pose = Transform3D(0.696243, 0.587646, -0.41221, 0.676184, -0.729649, 0.101921, -0.240875, -0.349691, -0.90537, -0.399062, 1.11719, 0.24076)
bind/46/name = &"upperarm_twist_01_r"
bind/46/bone = -1
bind/46/pose = Transform3D(0.720516, 0.689373, 0.0749752, 0.690091, -0.723445, 0.0200305, 0.068049, 0.0373074, -0.996984, -0.724875, 1.09829, -0.11905)
bind/47/name = &"Neck"
bind/47/bone = -1
bind/47/pose = Transform3D(1, -5.96059e-08, 4.49501e-10, 5.60499e-08, 1, 4.47035e-08, 2.86615e-08, -5.96046e-08, 1, 1.18581e-07, -1.48322, 0.0552209)
bind/48/name = &"Head"
bind/48/bone = -1
bind/48/pose = Transform3D(1, -1.78815e-07, 4.49506e-10, 1.78751e-07, 1, 9.49949e-08, -5.73089e-09, -6.14673e-08, 1, 1.45857e-07, -1.61263, 0.0561591)
bind/49/name = &"LeftUpperLeg"
bind/49/bone = -1
bind/49/pose = Transform3D(-1, -1.30385e-08, -1.49012e-08, 1.82772e-08, -1, 2.79397e-09, 0, 6.51926e-09, 1, 0.0902912, 0.934571, 0.024012)
bind/50/name = &"LeftLowerLeg"
bind/50/bone = -1
bind/50/pose = Transform3D(1, -1.30385e-08, 7.45058e-09, 2.84053e-08, -1, 0, -3.35276e-08, 7.45058e-09, -1, -0.132796, 0.515891, -0.0397061)
bind/51/name = &"calf_twist_01_l"
bind/51/bone = -1
bind/51/pose = Transform3D(-0.0455898, 0.993153, 0.107556, -0.996979, -0.0520128, 0.0576872, 0.0628865, -0.104601, 0.992524, -0.297241, 0.161518, 0.0850212)
bind/52/name = &"LeftFoot"
bind/52/bone = -1
bind/52/pose = Transform3D(-1, 1.96276e-07, -7.45058e-09, 1.86265e-08, -2.98023e-08, 1, 1.851e-07, 1, 2.23517e-08, 0.152058, 0.0737479, -0.124)
bind/53/name = &"LeftToes"
bind/53/bone = -1
bind/53/pose = Transform3D(1, -1.76951e-07, -1.57452e-08, 2.09955e-07, -4.47035e-08, 1, 2.42144e-08, -1, 1.56462e-07, -0.162626, -0.0570603, 0.0161669)
bind/54/name = &"thigh_twist_01_l"
bind/54/bone = -1
bind/54/pose = Transform3D(-0.0901824, 0.995584, 0.0260711, -0.994468, -0.0914353, 0.0517043, 0.0538598, -0.0212641, 0.998322, -0.700733, 0.176486, 0.0389815)
bind/55/name = &"RightUpperLeg"
bind/55/bone = -1
bind/55/pose = Transform3D(-1, 1.30385e-08, 0, 1.25845e-07, -1, 4.65661e-09, 0, -1.02445e-08, 1, -0.0902914, 0.934573, 0.024012)
bind/56/name = &"RightLowerLeg"
bind/56/bone = -1
bind/56/pose = Transform3D(1, -4.93601e-08, 7.45058e-09, 1.02445e-07, -1, -7.45058e-09, 3.35276e-08, 1.49012e-08, -1, 0.132796, 0.515891, -0.0397061)
bind/57/name = &"calf_twist_01_r"
bind/57/bone = -1
bind/57/pose = Transform3D(-0.0455906, -0.993153, -0.107556, -0.996979, 0.0520138, -0.0576838, 0.0628832, 0.104601, -0.992524, 0.29724, -0.161519, -0.0850215)
bind/58/name = &"RightFoot"
bind/58/bone = -1
bind/58/pose = Transform3D(-1, 4.44707e-08, -7.45058e-09, -1.86265e-08, -4.47035e-08, 1, -3.1339e-07, 1, -3.72529e-09, -0.152058, 0.073748, -0.123999)
bind/59/name = &"RightToes"
bind/59/bone = -1
bind/59/pose = Transform3D(1, -6.14673e-08, 1.16706e-08, -2.09955e-07, -6.14673e-08, 1, 1.04308e-07, -1, -1.93715e-07, 0.162626, -0.0570602, 0.0161656)
bind/60/name = &"thigh_twist_01_r"
bind/60/bone = -1
bind/60/pose = Transform3D(-0.0901816, -0.995584, -0.0260712, -0.994468, 0.0914347, -0.051701, 0.0538565, 0.0212645, -0.998322, 0.700735, -0.176486, -0.0389822)

[sub_resource type="CapsuleMesh" id="CapsuleMesh_j4j5g"]
radius = 0.005
height = 0.05

[node name="Model" type="Node3D"]
script = ExtResource("1_c4iak")

[node name="Mesh" type="Node3D" parent="."]

[node name="Skeleton3D" type="Skeleton3D" parent="Mesh"]
motion_scale = 0.967506
bones/0/name = "Root"
bones/0/parent = -1
bones/0/rest = Transform3D(1, 0, 0, 0, 1, 0, 0, 0, 1, 0, 0, 0)
bones/0/enabled = true
bones/0/position = Vector3(0, 0, 0)
bones/0/rotation = Quaternion(0, 0, 0, 1)
bones/0/scale = Vector3(1, 1, 1)
bones/1/name = "Hips"
bones/1/parent = 0
bones/1/rest = Transform3D(1, 0, 0, 0, 1, 0, 0, 0, 1, 2.26179e-18, 0.967506, -0.0105615)
bones/1/enabled = true
bones/1/position = Vector3(0.0510616, 0.958133, -0.0577411)
bones/1/rotation = Quaternion(0.0152421, 0.000522092, 0.0437486, 0.998926)
bones/1/scale = Vector3(1, 1, 1)
bones/2/name = "Spine"
bones/2/parent = 1
bones/2/rest = Transform3D(1, 0, 0, 0, 1, 0, 0, 0, 1, 9.04799e-09, 0.151693, 0.0145451)
bones/2/enabled = true
bones/2/position = Vector3(9.04799e-09, 0.151693, 0.0145451)
bones/2/rotation = Quaternion(-0.0336565, 9.85377e-05, -0.0345036, 0.998838)
bones/2/scale = Vector3(1, 1, 1)
bones/3/name = "Chest"
bones/3/parent = 2
bones/3/rest = Transform3D(1, 0, 0, 0, 1, 0, 0, 0, 1, 5.31974e-09, 0.0993628, -0.0133838)
bones/3/enabled = true
bones/3/position = Vector3(5.31974e-09, 0.0993628, -0.0133838)
bones/3/rotation = Quaternion(0.0539857, -0.00022468, -0.00712916, 0.998516)
bones/3/scale = Vector3(1, 1, 1)
bones/4/name = "UpperChest"
bones/4/parent = 3
bones/4/rest = Transform3D(1, 0, 0, 0, 1, 0, 0, 0, 1, 1.00855e-08, 0.169388, -0.0235252)
bones/4/enabled = true
bones/4/position = Vector3(1.00855e-08, 0.169388, -0.0235252)
bones/4/rotation = Quaternion(-0.015183, -0.000622489, -0.0157134, 0.999761)
bones/4/scale = Vector3(1, 1, 1)
bones/5/name = "LeftShoulder"
bones/5/parent = 4
bones/5/rest = Transform3D(0, 1, 0, 0, 0, 1, 1, 0, 0, 0.0235491, 0.041157, -0.0410975)
bones/5/enabled = true
bones/5/position = Vector3(0.0235491, 0.041157, -0.0410975)
bones/5/rotation = Quaternion(0.474026, 0.524198, 0.509799, -0.490532)
bones/5/scale = Vector3(1, 1, 1)
bones/6/name = "LeftUpperArm"
bones/6/parent = 5
bones/6/rest = Transform3D(-1, 0, 0, 0, 1, 0, 0, 0, -1, -0.00108898, 0.0917452, -0.0220402)
bones/6/enabled = true
bones/6/position = Vector3(-0.00108898, 0.0917452, -0.0220402)
bones/6/rotation = Quaternion(0.00855988, 0.948161, -0.312305, 0.0581566)
bones/6/scale = Vector3(1, 1, 1)
bones/7/name = "LeftLowerArm"
bones/7/parent = 6
bones/7/rest = Transform3D(0, 0, -1, 0, 1, 0, 1, 0, 0, 0.0412371, 0.204759, 0.192582)
bones/7/enabled = true
bones/7/position = Vector3(0.0412371, 0.204759, 0.192582)
bones/7/rotation = Quaternion(-0.0623252, -0.584401, -0.0882532, 0.80424)
bones/7/scale = Vector3(1, 1, 1)
bones/8/name = "LeftHand"
bones/8/parent = 7
bones/8/rest = Transform3D(0, 0, 1, 0, 1, 0, -1, 0, 0, 0.136343, 0.16736, 0.0862893)
bones/8/enabled = true
bones/8/position = Vector3(0.136343, 0.16736, 0.0862893)
bones/8/rotation = Quaternion(-0.0963813, 0.637341, -0.0976367, 0.75827)
bones/8/scale = Vector3(1, 1, 1)
bones/9/name = "LeftIndexProximal"
bones/9/parent = 8
bones/9/rest = Transform3D(1, 0, 0, 0, 1, 0, 0, 0, 1, -0.0600296, 0.0506808, 0.0655857)
bones/9/enabled = true
bones/9/position = Vector3(-0.0600296, 0.0506808, 0.0655857)
bones/9/rotation = Quaternion(-0.0111744, 0.0155271, -0.0103922, 0.999763)
bones/9/scale = Vector3(1, 1, 1)
bones/10/name = "LeftIndexIntermediate"
bones/10/parent = 9
bones/10/rest = Transform3D(1, 0, 0, 0, 1, 0, 0, 0, 1, -0.00964859, 0.0148917, 0.0305863)
bones/10/enabled = true
bones/10/position = Vector3(-0.00964859, 0.0148917, 0.0305863)
bones/10/rotation = Quaternion(-0.0593564, -0.0464061, -0.00163415, 0.997156)
bones/10/scale = Vector3(1, 1, 1)
bones/11/name = "LeftIndexDistal"
bones/11/parent = 10
bones/11/rest = Transform3D(1, 0, 0, 0, 1, 0, 0, 0, 1, -0.00646331, 0.00547696, 0.0265698)
bones/11/enabled = true
bones/11/position = Vector3(-0.00646331, 0.00547696, 0.0265698)
bones/11/rotation = Quaternion(-0.12675, -0.104408, -0.00469559, 0.986413)
bones/11/scale = Vector3(1, 1, 1)
bones/12/name = "LeftMiddleProximal"
bones/12/parent = 8
bones/12/rest = Transform3D(1, 0, 0, 0, 1, 0, 0, 0, 1, -0.0413743, 0.0634168, 0.0675257)
bones/12/enabled = true
bones/12/position = Vector3(-0.0413743, 0.0634168, 0.0675257)
bones/12/rotation = Quaternion(0.00893181, -0.0238757, 0.0148998, 0.999564)
bones/12/scale = Vector3(1, 1, 1)
bones/13/name = "LeftMiddleIntermediate"
bones/13/parent = 12
bones/13/rest = Transform3D(1, 0, 0, 0, 1, 0, 0, 0, 1, -0.00898727, 0.0174767, 0.0333888)
bones/13/enabled = true
bones/13/position = Vector3(-0.00898727, 0.0174767, 0.0333888)
bones/13/rotation = Quaternion(0.0483201, 0.0183695, 0.00445244, 0.998653)
bones/13/scale = Vector3(1, 1, 1)
bones/14/name = "LeftMiddleDistal"
bones/14/parent = 13
bones/14/rest = Transform3D(1, 0, 0, 0, 1, 0, 0, 0, 1, -0.00658193, 0.00740326, 0.0274162)
bones/14/enabled = true
bones/14/position = Vector3(-0.00658193, 0.00740326, 0.0274162)
bones/14/rotation = Quaternion(-0.137366, 0.00149879, -0.0185418, 0.990346)
bones/14/scale = Vector3(1, 1, 1)
bones/15/name = "LeftLittleProximal"
bones/15/parent = 8
bones/15/rest = Transform3D(1, 0, 0, 0, 1, 0, 0, 0, 1, -0.00285274, 0.0614964, 0.0705611)
bones/15/enabled = true
bones/15/position = Vector3(-0.00285274, 0.0614964, 0.0705611)
bones/15/rotation = Quaternion(-0.00464369, -0.0947237, 0.0438523, 0.994526)
bones/15/scale = Vector3(1, 1, 1)
bones/16/name = "LeftLittleIntermediate"
bones/16/parent = 15
bones/16/rest = Transform3D(1, 0, 0, 0, 1, 0, 0, 0, 1, -0.00128082, 0.0146064, 0.0260541)
bones/16/enabled = true
bones/16/position = Vector3(-0.00128082, 0.0146064, 0.0260541)
bones/16/rotation = Quaternion(0.224733, 0.0067524, 0.00865057, 0.974358)
bones/16/scale = Vector3(1, 1, 1)
bones/17/name = "LeftLittleDistal"
bones/17/parent = 16
bones/17/rest = Transform3D(1, 0, 0, 0, 1, 0, 0, 0, 1, -0.00203419, 0.00822681, 0.0231951)
bones/17/enabled = true
bones/17/position = Vector3(-0.00203419, 0.00822681, 0.0231951)
bones/17/rotation = Quaternion(-0.00688177, -0.000335515, -0.000749469, 0.999976)
bones/17/scale = Vector3(1, 1, 1)
bones/18/name = "LeftRingProximal"
bones/18/parent = 8
bones/18/rest = Transform3D(1, 0, 0, 0, 1, 0, 0, 0, 1, -0.0214843, 0.065126, 0.0708302)
bones/18/enabled = true
bones/18/position = Vector3(-0.0214843, 0.065126, 0.0708302)
bones/18/rotation = Quaternion(0.0026556, -0.0510789, 0.0279012, 0.998301)
bones/18/scale = Vector3(1, 1, 1)
bones/19/name = "LeftRingIntermediate"
bones/19/parent = 18
bones/19/rest = Transform3D(1, 0, 0, 0, 1, 0, 0, 0, 1, -0.00627559, 0.0165017, 0.0283482)
bones/19/enabled = true
bones/19/position = Vector3(-0.00627559, 0.0165017, 0.0283482)
bones/19/rotation = Quaternion(0.104937, 0.0264276, 0.00950658, 0.994082)
bones/19/scale = Vector3(1, 1, 1)
bones/20/name = "LeftRingDistal"
bones/20/parent = 19
bones/20/rest = Transform3D(1, 0, 0, 0, 1, 0, 0, 0, 1, -0.00495599, 0.00579949, 0.027184)
bones/20/enabled = true
bones/20/position = Vector3(-0.00495599, 0.00579949, 0.027184)
bones/20/rotation = Quaternion(-0.0223071, -0.029972, 0.0105474, 0.999246)
bones/20/scale = Vector3(1, 1, 1)
bones/21/name = "LeftThumbMetacarpal"
bones/21/parent = 8
bones/21/rest = Transform3D(0, -0.577, 0.816, 0, 0.816, 0.577, -1, 0, 0, -0.0350548, 0.00594764, 0.0344479)
bones/21/enabled = true
bones/21/position = Vector3(-0.0350548, 0.00594764, 0.0344479)
bones/21/rotation = Quaternion(-0.252304, 0.760047, 0.12101, 0.586538)
bones/21/scale = Vector3(1, 0.999392, 0.999392)
bones/22/name = "LeftThumbProximal"
bones/22/parent = 21
bones/22/rest = Transform3D(1, 0, 0, 0, 1, 2.98023e-08, 0, -2.98023e-08, 1, -0.0177172, 0.0157375, -0.0208338)
bones/22/enabled = true
bones/22/position = Vector3(-0.0177172, 0.0157375, -0.0208338)
bones/22/rotation = Quaternion(0.0319318, 0.00463605, -0.0134335, 0.999389)
bones/22/scale = Vector3(1.00005, 0.999982, 0.999968)
bones/23/name = "LeftThumbDistal"
bones/23/parent = 22
bones/23/rest = Transform3D(1, 0, 0, 0, 1, 0, 0, 0, 1, -0.0261378, 0.0139744, -0.0158621)
bones/23/enabled = true
bones/23/position = Vector3(-0.0261378, 0.0139744, -0.0158621)
bones/23/rotation = Quaternion(0.00943683, 0.0218949, 0.00108466, 0.999715)
bones/23/scale = Vector3(1.00002, 1, 0.999981)
bones/24/name = "lowerarm_twist_01_l"
bones/24/parent = 7
bones/24/rest = Transform3D(0.587647, -0.729649, -0.349692, 0.696243, 0.676184, -0.240875, 0.41221, -0.101921, 0.90537, 0.0806297, 0.0995333, 0.0559639)
bones/24/enabled = true
bones/24/position = Vector3(0.0806297, 0.0995333, 0.0559639)
bones/24/rotation = Quaternion(0.0292206, -0.218388, 0.3981, 0.890488)
bones/24/scale = Vector3(1, 1, 1)
bones/25/name = "upperarm_twist_01_l"
bones/25/parent = 6
bones/25/rest = Transform3D(0.0749752, 0.0200306, -0.996984, 0.720516, 0.690091, 0.068049, 0.689373, -0.723445, 0.0373073, 0.0112312, 0.11224, 0.108366)
bones/25/enabled = true
bones/25/position = Vector3(0.0112312, 0.11224, 0.108366)
bones/25/rotation = Quaternion(-0.269115, -0.617711, 0.284508, 0.681957)
bones/25/scale = Vector3(1, 1, 1)
bones/26/name = "RightShoulder"
bones/26/parent = 4
bones/26/rest = Transform3D(0, -1, 0, 0, 0, 1, -1, 0, 0, -0.0235493, 0.041158, -0.0410975)
bones/26/enabled = true
bones/26/position = Vector3(-0.0235493, 0.041158, -0.0410975)
bones/26/rotation = Quaternion(0.49507, -0.517352, -0.517066, -0.46893)
bones/26/scale = Vector3(1, 1, 1)
bones/27/name = "RightUpperArm"
bones/27/parent = 26
bones/27/rest = Transform3D(-1, 0, 0, 0, 1, 0, 0, 0, -1, 0.00108871, 0.0917444, -0.02204)
bones/27/enabled = true
bones/27/position = Vector3(0.00108871, 0.0917444, -0.02204)
bones/27/rotation = Quaternion(-0.0659199, 0.945471, -0.317881, 0.0262812)
bones/27/scale = Vector3(1, 1, 1)
bones/28/name = "RightLowerArm"
bones/28/parent = 27
bones/28/rest = Transform3D(0, 0, 1, 0, 1, 0, -1, 0, 0, -0.0412372, 0.20476, 0.192583)
bones/28/enabled = true
bones/28/position = Vector3(-0.0412372, 0.20476, 0.192583)
bones/28/rotation = Quaternion(-0.0296717, 0.624824, 0.0497715, 0.778612)
bones/28/scale = Vector3(1, 1, 1)
bones/29/name = "RightHand"
bones/29/parent = 28
bones/29/rest = Transform3D(0, 0, -1, 0, 1, 0, 1, 0, 0, -0.136343, 0.16736, 0.0862899)
bones/29/enabled = true
bones/29/position = Vector3(-0.136343, 0.16736, 0.0862899)
bones/29/rotation = Quaternion(-0.0979425, -0.591572, 0.107156, 0.793075)
bones/29/scale = Vector3(1, 1, 1)
bones/30/name = "RightIndexProximal"
bones/30/parent = 29
bones/30/rest = Transform3D(1, 0, 0, 0, 1, 0, 0, 0, 1, 0.060029, 0.0506785, 0.0655865)
bones/30/enabled = true
bones/30/position = Vector3(0.060029, 0.0506785, 0.0655865)
bones/30/rotation = Quaternion(-0.086579, 0.00266573, 0.046963, 0.995134)
bones/30/scale = Vector3(1, 1, 1)
bones/31/name = "RightIndexIntermediate"
bones/31/parent = 30
bones/31/rest = Transform3D(1, 0, 0, 0, 1, 0, 0, 0, 1, 0.0096485, 0.0148932, 0.0305853)
bones/31/enabled = true
bones/31/position = Vector3(0.0096485, 0.0148932, 0.0305853)
bones/31/rotation = Quaternion(-0.0121154, 0.0403947, -0.00381181, 0.999103)
bones/31/scale = Vector3(1, 1, 1)
bones/32/name = "RightIndexDistal"
bones/32/parent = 31
bones/32/rest = Transform3D(1, 0, 0, 0, 1, 0, 0, 0, 1, 0.0064633, 0.00547699, 0.02657)
bones/32/enabled = true
bones/32/position = Vector3(0.0064633, 0.00547699, 0.02657)
bones/32/rotation = Quaternion(0.00453109, -0.00373244, -0.000167847, 0.999983)
bones/32/scale = Vector3(1, 1, 1)
bones/33/name = "RightMiddleProximal"
bones/33/parent = 29
bones/33/rest = Transform3D(1, 0, 0, 0, 1, 0, 0, 0, 1, 0.0413738, 0.0634153, 0.0675254)
bones/33/enabled = true
bones/33/position = Vector3(0.0413738, 0.0634153, 0.0675254)
bones/33/rotation = Quaternion(0.00411273, 0.0155076, -0.00868973, 0.999834)
bones/33/scale = Vector3(1, 1, 1)
bones/34/name = "RightMiddleIntermediate"
bones/34/parent = 33
bones/34/rest = Transform3D(1, 0, 0, 0, 1, 0, 0, 0, 1, 0.00898699, 0.0174773, 0.0333884)
bones/34/enabled = true
bones/34/position = Vector3(0.00898699, 0.0174773, 0.0333884)
bones/34/rotation = Quaternion(0.08224, -0.0284773, 0.00384095, 0.996198)
bones/34/scale = Vector3(1, 1, 1)
bones/35/name = "RightMiddleDistal"
bones/35/parent = 34
bones/35/rest = Transform3D(1, 0, 0, 0, 1, 0, 0, 0, 1, 0.00657964, 0.00737651, 0.0274247)
bones/35/enabled = true
bones/35/position = Vector3(0.00657964, 0.00737651, 0.0274247)
bones/35/rotation = Quaternion(0.000297904, -0.0708766, 0.0235982, 0.997206)
bones/35/scale = Vector3(1, 1, 1)
bones/36/name = "RightLittleProximal"
bones/36/parent = 29
bones/36/rest = Transform3D(1, 0, 0, 0, 1, 0, 0, 0, 1, 0.00285266, 0.0614948, 0.070562)
bones/36/enabled = true
bones/36/position = Vector3(0.00285266, 0.0614948, 0.070562)
bones/36/rotation = Quaternion(-0.025954, 0.0601435, -0.0178695, 0.997692)
bones/36/scale = Vector3(1, 1, 1)
bones/37/name = "RightLittleIntermediate"
bones/37/parent = 36
bones/37/rest = Transform3D(1, 0, 0, 0, 1, 0, 0, 0, 1, 0.00128865, 0.0142028, 0.0263168)
bones/37/enabled = true
bones/37/position = Vector3(0.00128865, 0.0142028, 0.0263168)
bones/37/rotation = Quaternion(0.269121, 0.0383251, -0.0478976, 0.961151)
bones/37/scale = Vector3(1, 1, 1)
bones/38/name = "RightLittleDistal"
bones/38/parent = 37
bones/38/rest = Transform3D(1, 0, 0, 0, 1, 0, 0, 0, 1, 0.00202779, 0.00901537, 0.0227781)
bones/38/enabled = true
bones/38/position = Vector3(0.00202779, 0.00901537, 0.0227781)
bones/38/rotation = Quaternion(0.156867, -0.00764845, -0.0170865, 0.987442)
bones/38/scale = Vector3(1, 1, 1)
bones/39/name = "RightRingProximal"
bones/39/parent = 29
bones/39/rest = Transform3D(1, 0, 0, 0, 1, 0, 0, 0, 1, 0.0214844, 0.0651253, 0.0708321)
bones/39/enabled = true
bones/39/position = Vector3(0.0214844, 0.0651253, 0.0708321)
bones/39/rotation = Quaternion(-0.0190341, 0.0229711, -0.00777939, 0.999525)
bones/39/scale = Vector3(1, 1, 1)
bones/40/name = "RightRingIntermediate"
bones/40/parent = 39
bones/40/rest = Transform3D(1, 0, 0, 0, 1, 0, 0, 0, 1, 0.00627481, 0.0165014, 0.0283457)
bones/40/enabled = true
bones/40/position = Vector3(0.00627481, 0.0165014, 0.0283457)
bones/40/rotation = Quaternion(0.229945, -0.011872, -0.0413687, 0.972251)
bones/40/scale = Vector3(1, 1, 1)
bones/41/name = "RightRingDistal"
bones/41/parent = 40
bones/41/rest = Transform3D(1, 0, 0, 0, 1, 0, 0, 0, 1, 0.00495599, 0.00580002, 0.027184)
bones/41/enabled = true
bones/41/position = Vector3(0.00495599, 0.00580002, 0.027184)
bones/41/rotation = Quaternion(0.0904394, 0.0143133, -0.0284222, 0.995393)
bones/41/scale = Vector3(1, 1, 1)
bones/42/name = "RightThumbMetacarpal"
bones/42/parent = 29
bones/42/rest = Transform3D(0, 0.577, -0.816, 0, 0.816, 0.577, 1, 0, 0, 0.0350548, 0.00594752, 0.0344492)
bones/42/enabled = true
bones/42/position = Vector3(0.0350548, 0.00594752, 0.0344492)
bones/42/rotation = Quaternion(-0.200392, -0.797592, -0.116498, 0.556883)
bones/42/scale = Vector3(1, 0.999392, 0.999392)
bones/43/name = "RightThumbProximal"
bones/43/parent = 42
bones/43/rest = Transform3D(1, 0, 0, 0, 1, 2.98023e-08, 0, -2.98023e-08, 1, 0.0171926, 0.016576, -0.0206636)
bones/43/enabled = true
bones/43/position = Vector3(0.0171926, 0.016576, -0.0206636)
bones/43/rotation = Quaternion(-0.0121015, -0.0185632, -0.0362486, 0.999097)
bones/43/scale = Vector3(1.00004, 0.999993, 0.999971)
bones/44/name = "RightThumbDistal"
bones/44/parent = 43
bones/44/rest = Transform3D(1, 0, 0, 0, 1, 0, 0, 0, 1, 0.026661, 0.0131353, -0.0160318)
bones/44/enabled = true
bones/44/position = Vector3(0.026661, 0.0131353, -0.0160318)
bones/44/rotation = Quaternion(0.00294866, -0.00570826, -0.000531703, 0.999979)
bones/44/scale = Vector3(1.00002, 1, 0.999982)
bones/45/name = "lowerarm_twist_01_r"
bones/45/parent = 28
bones/45/rest = Transform3D(0.587646, -0.729649, -0.349691, -0.696243, -0.676184, 0.240875, -0.41221, 0.101921, -0.90537, -0.0806303, 0.0995341, 0.0559643)
bones/45/enabled = true
bones/45/position = Vector3(-0.0806303, 0.0995341, 0.0559643)
bones/45/rotation = Quaternion(0.885639, -0.363125, -0.272611, 0.097294)
bones/45/scale = Vector3(1, 1, 1)
bones/46/name = "upperarm_twist_01_r"
bones/46/parent = 27
bones/46/rest = Transform3D(0.0749753, 0.0200306, -0.996984, -0.720516, -0.690091, -0.068049, -0.689373, 0.723445, -0.0373074, -0.0112312, 0.11224, 0.108366)
bones/46/enabled = true
bones/46/position = Vector3(-0.0112312, 0.11224, 0.108366)
bones/46/rotation = Quaternion(0.575705, -0.0947732, -0.673447, 0.453929)
bones/46/scale = Vector3(1, 1, 1)
bones/47/name = "Neck"
bones/47/parent = 4
bones/47/rest = Transform3D(1, 0, 0, 0, 1, 0, 0, 0, 1, 6.26479e-09, 0.0952667, -0.0222953)
bones/47/enabled = true
bones/47/position = Vector3(6.26479e-09, 0.0952667, -0.0222953)
bones/47/rotation = Quaternion(-1.63913e-07, -0.010221, 0.0409113, 0.999111)
bones/47/scale = Vector3(1, 1, 1)
bones/48/name = "Head"
bones/48/parent = 47
bones/48/rest = Transform3D(1, 0, 0, 0, 1, 0, 0, 0, 1, 7.71288e-09, 0.12941, -0.000938177)
bones/48/enabled = true
bones/48/position = Vector3(7.71288e-09, 0.12941, -0.000938177)
bones/48/rotation = Quaternion(-0.0297628, 0.00556213, -0.000294018, 0.999542)
bones/48/scale = Vector3(1, 1, 1)
bones/49/name = "LeftUpperLeg"
bones/49/parent = 1
bones/49/rest = Transform3D(-1, 0, 0, 0, -1, 0, 0, 0, 1, 0.0902913, -0.0329347, -0.0134505)
bones/49/enabled = true
bones/49/position = Vector3(0.0902913, -0.0329347, -0.0134505)
bones/49/rotation = Quaternion(-0.00242189, 0.0766404, 0.996263, 0.0397682)
bones/49/scale = Vector3(1, 1, 1)
bones/50/name = "LeftLowerLeg"
bones/50/parent = 49
bones/50/rest = Transform3D(-1, 0, 0, 0, 1, 0, 0, 0, -1, -0.0425047, 0.41868, -0.0156941)
bones/50/enabled = true
bones/50/position = Vector3(-0.0425047, 0.41868, -0.0156941)
bones/50/rotation = Quaternion(-6.20782e-05, 0.994788, -0.10157, 0.00892294)
bones/50/scale = Vector3(1, 1, 1)
bones/51/name = "calf_twist_01_l"
bones/51/parent = 50
bones/51/rest = Transform3D(-0.04559, -0.996979, 0.0628865, -0.993153, 0.052013, 0.104601, -0.107556, -0.0576872, -0.992524, 0.00933651, 0.203391, 0.0220268)
bones/51/enabled = true
bones/51/position = Vector3(0.00933651, 0.203391, 0.0220268)
bones/51/rotation = Quaternion(-0.686938, 0.723044, 0.00150723, 0.0729454)
bones/51/scale = Vector3(1, 1, 1)
bones/52/name = "LeftFoot"
bones/52/parent = 50
bones/52/rest = Transform3D(-1, 0, 0, 0, 0, -1, 0, -1, 0, 0.0192619, 0.391891, 0.0340418)
bones/52/enabled = true
bones/52/position = Vector3(0.0192619, 0.391891, 0.0340418)
bones/52/rotation = Quaternion(0.0144424, 0.696689, -0.717133, 0.0116561)
bones/52/scale = Vector3(1, 1, 1)
bones/53/name = "LeftToes"
bones/53/parent = 52
bones/53/rest = Transform3D(-1, 0, 0, 0, 1, 0, 0, 0, -1, -0.0105678, 0.130808, -0.107833)
bones/53/enabled = true
bones/53/position = Vector3(-0.0105678, 0.130808, -0.107833)
bones/53/rotation = Quaternion(5.66348e-08, 1, 0, 6.98057e-08)
bones/53/scale = Vector3(1, 1, 1)
bones/54/name = "thigh_twist_01_l"
bones/54/parent = 49
bones/54/rest = Transform3D(0.0901826, 0.994468, -0.0538598, -0.995584, 0.0914354, 0.0212641, 0.0260711, 0.0517043, 0.998322, -0.0199252, 0.219967, -0.00576022)
bones/54/enabled = true
bones/54/position = Vector3(-0.0199252, 0.219967, -0.00576022)
bones/54/rotation = Quaternion(0.00337929, -0.020742, -0.67415, 0.738295)
bones/54/scale = Vector3(1, 1, 1)
bones/55/name = "RightUpperLeg"
bones/55/parent = 1
bones/55/rest = Transform3D(-1, 0, 0, 0, -1, 0, 0, 0, 1, -0.0902913, -0.0329328, -0.0134505)
bones/55/enabled = true
bones/55/position = Vector3(-0.0902913, -0.0329328, -0.0134505)
bones/55/rotation = Quaternion(0.00908189, 0.0682161, 0.990414, 0.119768)
bones/55/scale = Vector3(1, 1, 1)
bones/56/name = "RightLowerLeg"
bones/56/parent = 55
bones/56/rest = Transform3D(-1, 0, 0, 0, 1, 0, 0, 0, -1, 0.042505, 0.418682, -0.0156941)
bones/56/enabled = true
bones/56/position = Vector3(0.042505, 0.418682, -0.0156941)
bones/56/rotation = Quaternion(-0.000275066, 0.996224, -0.0865074, -0.00737546)
bones/56/scale = Vector3(1, 1, 1)
bones/57/name = "calf_twist_01_r"
bones/57/parent = 56
bones/57/rest = Transform3D(-0.045591, -0.996979, 0.0628832, 0.993153, -0.0520136, -0.104601, 0.107556, 0.0576838, 0.992524, -0.00933677, 0.203392, 0.0220269)
bones/57/enabled = true
bones/57/position = Vector3(-0.00933677, 0.203392, 0.0220269)
bones/57/rotation = Quaternion(0.121063, 0.0493334, 0.721361, 0.680109)
bones/57/scale = Vector3(1, 1, 1)
bones/58/name = "RightFoot"
bones/58/parent = 56
bones/58/rest = Transform3D(-1, 0, 0, 0, 0, -1, 0, -1, 0, -0.0192619, 0.391893, 0.0340419)
bones/58/enabled = true
bones/58/position = Vector3(-0.0192619, 0.391893, 0.0340419)
bones/58/rotation = Quaternion(-0.0540025, 0.701429, -0.691773, -0.162887)
bones/58/scale = Vector3(1, 1, 1)
bones/59/name = "RightToes"
bones/59/parent = 58
bones/59/rest = Transform3D(-1, 0, 0, 0, 1, 0, 0, 0, -1, 0.0105678, 0.130808, -0.107833)
bones/59/enabled = true
bones/59/position = Vector3(0.0105678, 0.130808, -0.107833)
bones/59/rotation = Quaternion(-5.26836e-08, 1, 2.98023e-08, -1.05367e-08)
bones/59/scale = Vector3(1, 1, 1)
bones/60/name = "thigh_twist_01_r"
bones/60/parent = 55
bones/60/rest = Transform3D(0.0901818, 0.994468, -0.0538564, 0.995584, -0.0914346, -0.0212645, -0.0260712, -0.0517009, -0.998322, 0.019925, 0.219967, -0.00576022)
bones/60/enabled = true
bones/60/position = Vector3(0.019925, 0.219967, -0.00576022)
bones/60/rotation = Quaternion(0.738148, 0.673736, -0.0314419, -0.0150997)
bones/60/scale = Vector3(1, 1, 1)

[node name="Mesh" type="MeshInstance3D" parent="Mesh/Skeleton3D"]
mesh = ExtResource("1_rj65j")
skin = SubResource("Skin_pxn6g")

[node name="Attachment" type="BoneAttachment3D" parent="."]
transform = Transform3D(-0.154535, -0.795531, 0.585874, -0.207515, -0.553634, -0.80649, 0.965948, -0.246209, -0.0795282, -0.167727, 0.896429, -0.100138)
bone_name = "RightHand"
bone_idx = 29
use_external_skeleton = true
external_skeleton = NodePath("../Mesh/Skeleton3D")

[node name="Weapon" type="MeshInstance3D" parent="Attachment"]
transform = Transform3D(-0.188033, 0.956329, -0.223786, -0.38407, 0.138113, 0.912916, 0.903955, 0.257608, 0.341327, 0.0342446, 0.0311473, 0.0845356)
mesh = SubResource("CapsuleMesh_j4j5g")

[node name="001" parent="Attachment/Weapon" instance=ExtResource("2_mnag3")]
